	sequences per sample	iteration	515rcbc21	515rcbc17	515rcbc34	515rcbc33	515rcbc31	515rcbc15	515rcbc26	515rcbc22	515rcbc37	515rcbc24	515rcbc18	515rcbc35	515rcbc11	515rcbc27	515rcbc13	515rcbc23	515rcbc16	515rcbc29	515rcbc9	515rcbc14	515rcbc19	515rcbc28	515rcbc10	515rcbc8	515rcbc25	515rcbc36	515rcbc32
alpha_rarefaction_10_0.txt	10	0	55.0	55.0	55.0	29.0	55.0	55.0	55.0	55.0	55.0	55.0	55.0	55.0	55.0	55.0	55.0	55.0	23.0	55.0	55.0	23.0	55.0	55.0	55.0	23.0	55.0	23.0	29.0
alpha_rarefaction_10_1.txt	10	1	23.0	55.0	55.0	23.0	55.0	55.0	55.0	55.0	55.0	55.0	55.0	55.0	23.0	13.0	55.0	55.0	23.0	55.0	55.0	55.0	55.0	23.0	23.0	23.0	55.0	55.0	55.0
alpha_rarefaction_10_2.txt	10	2	55.0	55.0	55.0	23.0	55.0	55.0	55.0	55.0	55.0	55.0	55.0	55.0	55.0	55.0	55.0	55.0	55.0	55.0	55.0	55.0	55.0	55.0	55.0	23.0	16.0	55.0	23.0
alpha_rarefaction_10_3.txt	10	3	23.0	55.0	55.0	23.0	55.0	55.0	55.0	55.0	55.0	55.0	55.0	55.0	55.0	55.0	23.0	55.0	55.0	55.0	23.0	23.0	55.0	55.0	55.0	55.0	55.0	55.0	23.0
alpha_rarefaction_10_4.txt	10	4	55.0	23.0	55.0	23.0	55.0	55.0	23.0	55.0	55.0	55.0	55.0	55.0	55.0	55.0	55.0	55.0	55.0	55.0	55.0	55.0	55.0	13.0	55.0	23.0	55.0	55.0	55.0
alpha_rarefaction_10_5.txt	10	5	55.0	55.0	23.0	55.0	55.0	55.0	23.0	13.0	55.0	55.0	55.0	55.0	55.0	55.0	55.0	55.0	23.0	55.0	55.0	55.0	55.0	23.0	55.0	55.0	55.0	55.0	55.0
alpha_rarefaction_10_6.txt	10	6	55.0	55.0	55.0	22.0	55.0	55.0	23.0	55.0	23.0	55.0	55.0	55.0	55.0	55.0	23.0	55.0	55.0	55.0	23.0	23.0	55.0	55.0	55.0	55.0	29.0	55.0	55.0
alpha_rarefaction_10_7.txt	10	7	55.0	23.0	23.0	55.0	55.0	55.0	55.0	23.0	55.0	55.0	55.0	55.0	55.0	55.0	55.0	55.0	55.0	55.0	23.0	55.0	55.0	23.0	55.0	55.0	55.0	55.0	55.0
alpha_rarefaction_10_8.txt	10	8	55.0	55.0	55.0	55.0	55.0	55.0	55.0	55.0	55.0	55.0	55.0	55.0	55.0	55.0	55.0	55.0	29.0	55.0	55.0	55.0	55.0	55.0	55.0	55.0	55.0	55.0	55.0
alpha_rarefaction_10_9.txt	10	9	23.0	55.0	13.0	23.0	23.0	55.0	55.0	55.0	55.0	55.0	55.0	23.0	55.0	55.0	55.0	55.0	55.0	55.0	55.0	23.0	55.0	55.0	55.0	55.0	55.0	55.0	23.0
alpha_rarefaction_10399_0.txt	10399	0	2177.03515625	2572.612	2375.75	2500.89619377	2753.63602941	2194.8057554	2223.68018018	2277.84150943	2819.12913907	2578.66101695	2575.76655052	2457.51567944	2648.00344828	2420.08139535	2451.26521739	2703.70967742	2548.18404908	2813.23943662	2462.76948052	2368.55636364	2890.56923077	2528.85333333	2535.60416667	2569.29721362	2095.9796748	2182.60546875	2351.28458498
alpha_rarefaction_10399_1.txt	10399	1	2183.98765432	2927.78761062	2396.7804878	2680.55555556	2594.5738255	2329.66044776	2160.55230126	2389.69581749	2831.71768707	2666.94661922	2645.7732342	2439.98127341	2552.97552448	2494.99626866	2202.39112903	2486.39655172	2571.48657718	2956.63957597	2625.2	2326.61188811	2800.0815047	2544.11458333	2587.68897638	2581.71060172	2284.55230126	2286.2244898	2147.81818182
alpha_rarefaction_10399_2.txt	10399	2	2347.74008811	2763.72177419	2422.82352941	2538.30592105	2616.33703704	2350.33846154	2288.9625	2314.28880866	2650.89968652	2654.16433566	2512.99619772	2509.11068702	2907.58076923	2483.6	2197.11740891	2730.91666667	2634.09333333	3014.41016949	2694.47080292	2254.390681	2807.77810651	2601.42181818	2683.37647059	2613.65517241	2204.02564103	2202.18032787	2121.90039841
alpha_rarefaction_10399_3.txt	10399	3	2216.40265487	2770.08487085	2513.2244898	2478.98576512	2683.64084507	2422.24215247	2441.51401869	2296.78181818	2773.35126582	2714.19101124	2763.83846154	2466.53515625	2642.76094276	2430.3125	2165.89539749	2646.08695652	2794.61320755	2793.45	2550.78350515	2413.34297521	2805.19469027	2403.69516729	2628.91287879	2409.41212121	2120.65737052	2221.03875969	2469.59493671
alpha_rarefaction_10399_4.txt	10399	4	2210.03448276	2681.43581081	2538.02608696	2620.42105263	2711.6741573	2333.17716535	2135.87096774	2403.93726937	2789.59271523	2520.17253521	2759.703125	2390.25367647	2637.50344828	2544.41791045	2204.48106061	2534.30633803	2567.84730539	2922.32191781	2613.34859155	2460.32684825	2874.6146789	2455.51170569	2498.30232558	2677.89032258	2209.76271186	2417.74025974	2229.68032787
alpha_rarefaction_10399_5.txt	10399	5	2195.52868852	2565.75	2426.0	2769.01234568	2565.10218978	2355.45801527	2248.88888889	2290.84982935	2745.98726115	2530.87241379	2707.94094488	2455.97991968	2746.30344828	2518.02181818	2115.17829457	2642.44528302	2833.48958333	2840.38513514	2566.84859155	2319.4501845	2933.2	2586.12177122	2545.11111111	2588.12703583	2133.72881356	2178.62256809	2324.4587156
alpha_rarefaction_10399_6.txt	10399	6	2349.82673267	2609.49819495	2480.77375566	2451.99668874	2498.98972603	2308.89312977	2360.34375	2337.83333333	2938.92253521	2531.35	2676.0037037	2477.10780669	2633.04234528	2497.1402214	2059.17045455	2676.0	2615.25	2770.28246753	2656.875	2285.625	2816.23076923	2635.67266187	2372.57295374	2646.15224913	2366.01746725	2132.05434783	2176.6848249
alpha_rarefaction_10399_7.txt	10399	7	2320.17142857	2600.07692308	2509.20524017	2633.62413793	2576.56270096	2314.56981132	2117.11522634	2483.24513619	2720.2970297	2501.32631579	2642.20938628	2350.04048583	2715.67753623	2430.37328767	2137.57587549	2687.27956989	2933.0106383	2816.00967742	2590.27083333	2354.68181818	2832.09259259	2490.78731343	2560.53068592	2501.29573171	2214.11965812	2222.44964029	2155.12267658
alpha_rarefaction_10399_8.txt	10399	8	2253.06382979	2781.72151899	2370.23387097	2623.93581081	2622.1259542	2436.30769231	2398.08108108	2333.76923077	2808.4	2744.76779026	2725.312	2537.8365019	2686.79710145	2525.98076923	2122.4940239	2564.02040816	2676.51	2757.88461538	2561.56597222	2396.92	2937.4502924	2633.81395349	2402.29323308	2633.48534202	2159.91869919	2306.95132743	2433.43514644
alpha_rarefaction_10399_9.txt	10399	9	2210.54201681	2663.22426471	2404.69879518	2395.42434211	2647.93065693	2245.02371542	2422.00529101	2323.02197802	2773.46153846	2612.40925267	2631.28424658	2430.44664032	2793.77854671	2396.91385768	2178.90588235	2465.90592334	2808.5	2770.53608247	2680.08965517	2303.74531835	2882.31730769	2576.0212766	2677.00425532	2544.46341463	2255.35682819	2274.37903226	2230.53036437
alpha_rarefaction_20788_0.txt	20788	0	2683.70967742	3107.45967742	2936.775	3241.95054945	3144.96987952	2819.37820513	2775.6462585	2927.06818182	3136.13580247	3253.77742947	3204.24471299	2948.11178248	3320.55645161	2878.59036145	2609.72043011	3051.61684783	3290.44919786	3560.02601156	3089.13333333	2968.3902439	3522.44109589	3027.26136364	3285.6595092	3119.7434555	2786.57664234	2538.08433735	2799.27075812
alpha_rarefaction_20788_1.txt	20788	1	2676.84926471	3175.29110512	2913.94311377	3153.87719298	3157.47928994	2865.91544118	2773.71617162	2958.44642857	3200.42857143	3108.09482759	3229.22522523	3051.12618297	3245.35483871	2948.97546012	2512.5	3171.27808989	3345.50670241	3343.07238606	3133.85119048	2888.8778135	3489.14030612	3107.78309859	3173.05617978	3098.2407932	2602.01277955	2650.12640449	2767.78217822
alpha_rarefaction_20788_2.txt	20788	2	2740.68100358	3125.27808989	2758.97196262	3187.70623145	3298.84227129	2837.51612903	2763.33684211	3027.28526646	3192.27777778	3258.66172107	3195.856	2920.49557522	3301.28846154	2973.36656891	2558.05	3303.91853933	3346.75815217	3601.35734072	3059.80691643	2809.61846154	3434.37179487	3098.22727273	3126.16463415	3104.47411444	2729.91401274	2573.45945946	2729.25961538
alpha_rarefaction_20788_3.txt	20788	3	2515.42902208	3136.21917808	3001.62622951	3172.39316239	3328.76012461	2902.75700935	2782.46236559	2899.40652819	3188.2539267	3391.67307692	3216.66871166	3035.27607362	3181.88679245	2885.49689441	2729.43703704	3108.12465374	3259.72131148	3426.85714286	2882.80147059	2691.6637931	3624.01639344	2947.83102493	3218.52336449	3069.15469613	2723.92413793	2814.56953642	2767.82758621
alpha_rarefaction_20788_4.txt	20788	4	2632.93877551	3176.86206897	2889.83081571	3134.96581197	3265.5	2920.49074074	2872.64	2905.70967742	3204.2152231	3191.55932203	3212.84210526	2936.29850746	3362.87463557	2954.60285714	2828.575	3274.74852071	3320.03089888	3456.14095745	2972.02659574	2806.16513761	3496.56511057	3100.85173502	3062.75280899	3198.44897959	2732.42105263	2730.86538462	2869.66782007
alpha_rarefaction_20788_5.txt	20788	5	2699.83636364	3181.91803279	2885.57877814	3190.84210526	3142.2228739	2884.52229299	2969.30769231	2943.7808642	3239.04663212	3154.88855422	3248.7808642	3036.56923077	3292.99721448	2990.35207101	2670.26712329	3240.51724138	3186.3197832	3462.65070423	2996.94736842	3007.55882353	3462.01534527	3084.68857143	2921.66478873	3094.80662983	2743.80677966	2504.3539823	2906.84589041
alpha_rarefaction_20788_6.txt	20788	6	2641.40569395	3070.84468665	2931.28571429	3084.22580645	3150.0	2888.28521127	2872.0137457	2908.13245033	3231.15420561	3132.80307692	3051.90304709	3077.625	3119.136	2922.16666667	2613.62091503	3100.43502825	3285.64864865	3429.82620321	3027.3258427	2945.853125	3541.33658537	3130.86746988	3035.48066298	2979.59898477	2666.93835616	2512.15340909	2967.79858657
alpha_rarefaction_20788_7.txt	20788	7	2704.27457627	3334.4273743	2963.21069182	3159.25	3309.69278997	2845.2125	2867.98496241	2928.1341853	3132.07017544	3282.24340176	3081.84931507	3056.49847095	3189.22281167	3060.5566343	2514.0483871	3026.31914894	3304.78100264	3618.67688022	3108.77681159	2857.35174419	3465.19302949	3258.41768293	3163.88358209	3035.36461126	2573.28526646	2500.0862069	2784.01898734
alpha_rarefaction_20788_8.txt	20788	8	2678.23104693	3149.32189974	2770.38957055	3142.49283668	3223.58484848	2771.91089109	2940.35766423	2955.82828283	3245.67866324	3303.34493671	3091.14583333	3051.47619048	3216.44412607	2806.01764706	2625.34883721	3106.04632153	3325.28080229	3745.67521368	3073.50708215	2856.37614679	3426.1025641	3257.13813814	3145.4	2956.85964912	2766.92307692	2504.52941176	2866.3902439
alpha_rarefaction_20788_9.txt	20788	9	2755.94095941	3206.52601156	2949.60909091	3113.50793651	3216.11549296	3069.0	3011.864	2821.31595092	3342.1025641	3144.53947368	3146.33967391	3277.29292929	3224.63202247	3191.14041096	2599.57926829	3094.78125	3392.5433526	3399.09090909	3023.79271709	2860.05263158	3617.05343511	3160.21791045	3081.80769231	2959.40586797	2774.41901408	2559.64364641	2793.4822695
alpha_rarefaction_31177_0.txt	31177	0	3090.27960526	3592.30927835	3283.71856287	3422.06549118	3413.57037037	3215.21069182	3018.04923077	3107.53043478	3536.21162791	3550.8342246	3501.95890411	3279.12403101	3692.28571429	3172.16	2908.39032258	3574.30645161	3818.67329545	3937.58711217	3230.67336683	3075.07692308	3825.80722892	3447.2242268	3436.15902965	3249.77156177	3076.63022508	2764.55415617	2945.40909091
alpha_rarefaction_31177_1.txt	31177	1	3022.23616236	3513.18703242	3199.75277778	3451.65984655	3541.17438692	3030.56676558	3151.54458599	3216.09969789	3414.05869074	3596.99152542	3534.17438692	3284.66956522	3567.12219451	3235.57692308	2939.00619195	3544.58378378	3710.05585106	3856.20805369	3319.02512563	3216.24489796	4046.84029484	3392.55154639	3489.40601504	3312.70192308	3000.1910828	2815.34604905	3002.36716418
alpha_rarefaction_31177_2.txt	31177	2	3044.9390681	3632.53253012	3238.15254237	3252.0	3555.61083744	3191.49337748	3122.86666667	3154.61127596	3421.19506726	3426.83417085	3505.94602273	3404.6754386	3592.7025	3237.8603352	2851.31914894	3488.97082228	3643.53002611	3977.3825	3259.19897959	3253.71847507	3792.23474178	3387.50252525	3451.37931034	3274.1294964	2907.96091205	2822.15281501	3060.19631902
alpha_rarefaction_31177_3.txt	31177	3	2901.73148148	3458.4205379	3248.35492958	3553.42893401	3764.15909091	3140.63414634	3142.91975309	3121.34743202	3466.83564815	3593.81081081	3443.56353591	3348.5369863	3672.933687	3170.01652893	2874.61290323	3503.35696203	3597.008	3966.00777202	3334.00251256	3273.35759494	3957.17730496	3456.94946809	3388.70927318	3262.22425629	2959.19230769	2836.9182058	3009.35174419
alpha_rarefaction_31177_4.txt	31177	4	2992.57142857	3512.5861244	3262.66666667	3601.59340659	3690.0972973	3061.71212121	3261.53521127	3245.47368421	3499.95305164	3685.17563739	3534.95811518	3388.125	3532.65601966	3237.17877095	2830.56213018	3433.475	3690.55784062	4009.18639798	3307.29776675	3157.90504451	3931.8902439	3522.73228346	3645.51008646	3387.01507538	2962.94736842	2830.66129032	3188.12615385
alpha_rarefaction_31177_5.txt	31177	5	2970.51948052	3546.06097561	3291.59537572	3413.94264339	3538.39588689	3209.06646526	3149.23417722	3156.13333333	3556.31481481	3557.35911602	3507.79281768	3449.58092486	3507.80769231	3287.72727273	2883.70977011	3610.94414894	3655.6641791	3959.05811138	3320.59090909	3043.10140845	4016.58291457	3414.23690773	3340.81300813	3301.47330097	2921.68468468	2857.976	3270.81308411
alpha_rarefaction_31177_6.txt	31177	6	3015.08223684	3467.78734177	3160.61684783	3359.195	3679.07520891	3230.76415094	3098.07462687	3136.9137931	3495.59529412	3539.04244032	3674.71787709	3390.008	3627.78325123	3318.16618911	2882.60897436	3613.80609418	3790.23015873	3843.65	3365.03571429	3111.07386364	3808.21962617	3486.1025641	3412.05076142	3255.83453237	3024.41065831	2834.20165746	3140.11598746
alpha_rarefaction_31177_7.txt	31177	7	2963.60191083	3543.44103774	3269.5243553	3455.34848485	3524.79028133	3114.96561605	3050.98773006	3295.89552239	3393.07900677	3584.76863753	3453.09343434	3320.80829016	3648.46073298	3233.42857143	2797.37837838	3481.22192513	3751.61002786	3908.91156463	3363.03225806	3214.48076923	3806.47815534	3522.16931217	3513.56735751	3243.58780488	2885.7571885	2825.82465753	3098.49180328
alpha_rarefaction_31177_8.txt	31177	8	2918.76547231	3503.00746269	3241.96	3306.56479218	3603.56198347	3103.88856305	3216.26490066	3196.98833819	3572.31192661	3414.09230769	3516.77688172	3467.70165746	3597.41481481	3196.03989362	2797.64450867	3426.79336735	3732.95652174	3776.28368794	3246.32258065	3347.09006211	3887.64335664	3389.88743455	3362.9182058	3250.15972222	2928.61046512	2820.74285714	2982.99401198
alpha_rarefaction_31177_9.txt	31177	9	3042.09427609	3554.2967581	3094.14986376	3463.08184143	3787.98044693	3221.80967742	3047.57097792	3360.62928349	3512.08591885	3445.96221662	3702.36676218	3481.96793003	3570.78100264	3278.91477273	2900.51020408	3429.36787565	3645.82178218	3955.89552239	3334.54404145	3215.4954955	4057.33898305	3499.07238606	3416.93850267	3278.14953271	2936.61846154	2727.54522613	3059.0922619
alpha_rarefaction_41566_0.txt	41566	0	3106.3942029	3621.5816092	3349.62469136	3676.5060241	4067.35326087	3414.96078431	3297.36134454	3613.63076923	3725.1123348	3739.03100775	3904.5655527	3535.09489051	3699.60130719	3375.44587629	3050.88757396	3668.80845771	3874.13475177	4128.26470588	3587.82597403	3485.02873563	4186.53117783	3728.71084337	3529.06947891	n/a	3131.98214286	n/a	3398.26764706
alpha_rarefaction_41566_1.txt	41566	1	3168.52050473	3886.15365239	3306.26992288	3619.29411765	3890.83769634	3381.95988539	3322.02873563	3338.0	3550.69502075	3911.02122016	3680.34739454	3560.58333333	3661.13544018	3445.03968254	3026.8238806	3722.20681265	3966.76498801	4091.84868421	3621.9	3284.30940594	4278.51376147	3788.77749361	3652.48101266	n/a	3343.97904192	n/a	3177.21138211
alpha_rarefaction_41566_2.txt	41566	2	3202.92073171	3915.6875	3430.08910891	3556.01168224	3885.82014388	3524.49851632	3428.65963855	3323.35883905	3622.8212766	3765.55263158	3811.50385604	3507.84578313	3820.44174757	3493.59946237	2987.64450867	3760.52040816	3955.76498801	4092.36384439	3656.13299233	3176.97900262	4240.38888889	3855.09319899	3848.10187668	n/a	3123.8	n/a	3215.0
alpha_rarefaction_41566_3.txt	41566	3	3134.89908257	3826.27570093	3412.30183727	3679.03472222	3833.05687204	3413.68767123	3304.47368421	3451.77873563	3627.75217391	3787.93908629	3719.11510791	3504.29095355	3690.98639456	3373.54094293	2967.48717949	3580.70967742	4123.25245098	4215.3119469	3589.76923077	3375.45844504	4146.4298441	3796.65753425	3697.45721925	n/a	3117.12386707	n/a	3274.81924198
alpha_rarefaction_41566_4.txt	41566	4	3324.79153094	3718.09977827	3338.52763819	3666.86294416	3887.59413203	3387.37465565	3447.46246246	3532.60307692	3572.72340426	3836.12182741	3677.73152709	3533.26618705	3834.55263158	3310.08312343	3001.29781421	3758.19708029	4040.21890547	4191.92063492	3595.63888889	3513.77810651	4221.36951501	3656.48031496	3789.89295039	n/a	3255.01857585	n/a	3308.6
alpha_rarefaction_41566_5.txt	41566	5	3240.7827476	3595.99352052	3352.02570694	3517.50113895	3836.93908629	3314.55807365	3326.18589744	3469.23076923	3699.02901786	3921.50252525	3682.22469136	3428.28301887	3781.42004773	3457.95821727	3085.0297619	3744.20822622	4089.20379147	4001.87878788	3542.91525424	3416.70674487	4196.30210773	3679.77832512	3736.86397985	n/a	3084.05965909	n/a	3332.34482759
alpha_rarefaction_41566_6.txt	41566	6	3184.41666667	3715.03080569	3297.97607656	3543.16296296	3874.86374696	3424.1396648	3423.20882353	3361.0	3584.5974026	3761.09803922	3850.54864865	3553.7	3841.96915167	3392.4973822	2983.62608696	3770.99513382	3748.0649652	4240.08	3539.01488834	3335.35142119	4168.59954233	3704.47432763	3716.5075	n/a	3166.6875	n/a	3188.24462366
alpha_rarefaction_41566_7.txt	41566	7	3176.82847896	3706.01372998	3208.66836735	3564.25362319	3841.56308411	3363.99445983	3301.41176471	3274.01340483	3627.83958333	3766.21658986	3819.03787879	3504.02056555	3785.15384615	3322.44416244	3054.45808383	3653.22580645	3937.33253012	4077.15217391	3614.43396226	3296.0972973	4237.97590361	3687.08474576	3616.02314815	n/a	3307.8031746	n/a	3238.1226158
alpha_rarefaction_41566_8.txt	41566	8	3156.32326284	3740.27586207	3362.05384615	3589.15789474	3895.19211823	3321.19178082	3428.56213018	3651.14285714	3639.21908894	3640.02331002	3797.36708861	3574.99511002	3854.60740741	3392.17460317	3050.21019108	3712.06617647	3895.20132743	4069.52017937	3612.23592493	3437.54829545	4078.36842105	3709.74695864	3655.47088608	n/a	3246.45697329	n/a	3432.05157593
alpha_rarefaction_41566_9.txt	41566	9	3290.97032641	3708.00224719	3300.11735941	3522.12470588	4045.67098446	3327.62608696	3240.24355301	3483.48387097	3684.42857143	3781.16666667	3733.76762402	3553.79328165	3712.2091954	3392.68905473	3001.01369863	3582.83098592	3972.77475248	4243.59529412	3657.09921671	3507.49557522	4205.48275862	3848.29310345	3869.92125984	n/a	3310.9212828	n/a	3397.15740741
alpha_rarefaction_51955_0.txt	51955	0	3346.3816156	4009.11483254	3434.97690531	3778.28301887	4232.91646778	3501.73994638	3528.42655367	3616.67108753	3690.02459016	3888.5010846	3845.06666667	3654.90486726	3964.94771242	3510.62469136	3171.50290698	3762.36363636	4092.12035011	4243.69230769	3704.12590799	3561.23947368	4385.76940639	3765.08510638	4022.22278481	n/a	3439.15966387	n/a	3421.03947368
alpha_rarefaction_51955_1.txt	51955	1	3344.21590909	3966.22292994	3428.41981132	3594.98529412	4266.80240964	3589.86464088	3535.88333333	3768.49847095	3635.62576687	3986.04050633	3960.71084337	3616.80875576	3894.85520362	3514.75182482	3132.49002849	3796.35214447	4076.02178649	4313.68340611	3722.37046005	3588.27131783	4470.67035398	3882.07142857	3704.15827338	n/a	3402.03013699	n/a	3425.28378378
alpha_rarefaction_51955_2.txt	51955	2	3329.17008798	3925.12168142	3385.20881671	3751.56108597	4093.23991031	3472.03896104	3584.43714286	3748.80769231	3602.01941748	4006.84705882	3879.90865385	3771.83529412	4055.06140351	3533.9	3102.99456522	3780.82022472	4043.52262443	4426.96475771	3878.03084833	3528.14175258	4344.07531381	3885.85273159	3889.40963855	n/a	3451.0252809	n/a	3440.3220339
alpha_rarefaction_51955_3.txt	51955	3	3302.93123209	3975.3646789	3454.09929078	3893.36	4024.49206349	3570.75284091	3741.21529745	3548.88300836	3781.62039046	4078.0	3845.03563474	3691.02272727	3950.00681818	3568.17414248	3074.62640449	3913.445	4169.30751708	4383.360587	3706.59330144	3541.45844504	4467.4627193	3772.5021645	3855.28644501	n/a	3371.94871795	n/a	3581.66666667
alpha_rarefaction_51955_4.txt	51955	4	3193.52861035	3961.0	3319.6875	3776.00243902	4149.4964539	3589.65811966	3442.9742268	3652.54142012	3661.07346939	3984.21212121	4024.37157107	3720.68486352	3881.38461538	3544.36650485	3091.7254902	3748.78125	4223.14953271	4387.72766885	3805.24310777	3513.01578947	4347.44468547	3882.59855769	3833.72463768	n/a	3503.3622291	n/a	3580.8018018
alpha_rarefaction_51955_5.txt	51955	5	3348.87790698	3852.34615385	3469.12068966	3859.0141844	3988.26636569	3666.30027548	3542.67521368	3590.23076923	3708.70454545	4008.375	3850.08510638	3534.18403548	3902.98915401	3420.7947494	3085.47107438	3885.01408451	4223.21969697	4330.4924406	3730.03778338	3611.92857143	4399.12446352	3853.44705882	3939.5026455	n/a	3335.06478873	n/a	3586.08381503
alpha_rarefaction_51955_6.txt	51955	6	3455.03592814	3862.00228311	3527.38154613	3767.54225352	4160.63285024	3509.5	3461.35770235	3777.74772036	3680.2195122	4076.90126582	3895.88943489	3678.12557078	4102.02830189	3524.54094293	3099.0	3857.0	4133.13181818	4294.03333333	3776.96675192	3584.24489796	4349.28476821	3880.24193548	3829.01366743	n/a	3463.30526316	n/a	3388.89769821
alpha_rarefaction_51955_7.txt	51955	7	3355.96449704	3866.46357616	3488.77906977	3792.47738693	4089.33561644	3516.5026455	3624.08383234	3728.16666667	3727.80208333	3965.89858491	3943.55361596	3718.34855769	3991.70257611	3575.0080429	3035.30213904	3795.16055046	4096.28708134	4145.37790698	3737.0	3564.00771208	4290.35257732	3832.03333333	3943.85786802	n/a	3367.65730337	n/a	3346.3655914
alpha_rarefaction_51955_8.txt	51955	8	3274.66956522	4044.10623557	3420.10368664	3768.72707424	4249.61097852	3603.90140845	3662.81818182	3478.05691057	3638.08661417	3944.30232558	4008.66990291	3693.12850467	3990.04719101	3593.07446809	3074.30470914	3841.44289044	4192.07572383	4199.00649351	3753.18705036	3536.38904899	4407.15972222	3953.88941176	3860.27951807	n/a	3328.7	n/a	3377.34351145
alpha_rarefaction_51955_9.txt	51955	9	3335.79525223	4028.8	3496.37837838	3823.18660287	4201.44819277	3451.5758427	3543.65909091	3594.68376068	3719.40210526	4044.34422111	3902.11778846	3689.01388889	3993.04635762	3494.05263158	3051.31351351	3779.57075472	4351.52314815	4440.52277657	3740.11363636	3661.50558659	4368.07349666	3990.78605769	3808.90865385	n/a	3429.18965517	n/a	3489.40425532
alpha_rarefaction_62344_0.txt	62344	0	3374.24661247	4058.01345291	n/a	4001.04988124	4257.28041237	3601.39205955	3730.8	3750.39130435	n/a	4264.33571429	4090.25238095	3823.03333333	4089.08533917	3586.56341463	n/a	4017.24305556	4361.95878525	4550.77824268	3857.5620438	3582.30357143	4483.22435897	3956.79828326	3965.00229885	n/a	3448.17322835	n/a	3443.94117647
alpha_rarefaction_62344_1.txt	62344	1	3482.02659574	4101.36853448	n/a	3949.93483146	4275.19026549	3648.25274725	3581.64213198	3734.85488127	n/a	4039.0	3997.04026846	3805.6744186	4020.84057971	3641.3625	n/a	3980.51708428	4376.50238095	4572.18383838	3874.19070905	3725.1408046	4559.96982759	4019.5334873	4089.3202934	n/a	3534.75766017	n/a	3598.55408971
alpha_rarefaction_62344_2.txt	62344	2	3369.07142857	4149.95138889	n/a	3975.31554524	4279.21627409	3702.5535248	3635.77179487	3748.375	n/a	4022.1108742	4107.6833713	3818.12614679	3993.28041237	3673.7160804	n/a	3949.09395973	4447.50666667	4485.08865979	3837.8705036	3823.16034985	4411.97	3905.86462882	4007.47540984	n/a	3564.87967914	n/a	3615.96978022
alpha_rarefaction_62344_3.txt	62344	3	3424.0026738	4216.46853147	n/a	3783.82721382	4203.39072848	3761.04663212	3636.68253968	3737.65885417	n/a	4094.92482916	4035.14864865	3837.4362851	4087.83628319	3618.8705036	n/a	3969.81069042	4153.11320755	4743.43370787	3864.08888889	3871.63583815	4393.04397706	4029.08219178	4029.80504587	n/a	3480.71720117	n/a	3555.56756757
alpha_rarefaction_62344_4.txt	62344	4	3509.82465753	4054.0470852	n/a	3775.94666667	4254.31941545	3617.09160305	3623.55813953	3647.4351145	n/a	4206.7970297	4041.70588235	3902.48165138	3941.26153846	3608.41204819	n/a	3903.94680851	4238.89411765	4730.45295405	3823.67933492	3641.07629428	4443.33797217	3943.25369979	4094.80190931	n/a	3587.77873563	n/a	3455.15403423
alpha_rarefaction_62344_5.txt	62344	5	3533.79310345	4164.10961969	n/a	3855.42324561	4184.82352941	3655.31331593	3707.04201681	3713.67108753	n/a	4181.64864865	4079.31121281	3936.12249443	4042.03601695	3606.38221154	n/a	3962.78899083	4410.67873303	4633.92025862	3891.07	3769.76737968	4399.84285714	4087.08353222	3876.33333333	n/a	3465.14322917	n/a	3656.15789474
alpha_rarefaction_62344_6.txt	62344	6	3424.90697674	4086.80597015	n/a	3863.12173913	4213.46052632	3673.32266667	3683.52685422	3889.79665738	n/a	4013.59453782	4228.88946015	3670.1686747	4142.17105263	3623.13875598	n/a	4031.0	4371.13211845	4652.78555799	3873.22141119	3537.60301508	4544.26865672	3922.93119266	4122.10075567	n/a	3549.16138329	n/a	3690.17344173
alpha_rarefaction_62344_7.txt	62344	7	3371.93103448	4213.14018692	n/a	3949.13126492	4331.03678161	3741.97058824	3595.54145078	3764.73890339	n/a	4120.1686747	4032.12702079	3826.65726681	4219.9103139	3592.40963855	n/a	3951.20390456	4366.76572668	4424.85127202	3875.06879607	3807.34097421	4542.52489627	3820.81637168	4205.62135922	n/a	3565.75277778	n/a	3532.22413793
alpha_rarefaction_62344_8.txt	62344	8	3526.07978723	4005.06423983	n/a	3936.14022989	4166.19037657	3694.15789474	3809.47631579	3797.65217391	n/a	4238.03317536	4080.20449438	3839.84782609	4181.02197802	3603.36596737	n/a	3944.78794643	4367.26303318	4471.34969325	3869.0	3718.96164384	4542.97689076	3869.25	4047.7080292	n/a	3553.8125	n/a	3422.06142506
alpha_rarefaction_62344_9.txt	62344	9	3589.08408408	4202.44874715	n/a	3848.58295964	4288.7281106	3641.40583554	3742.49291785	3747.3988764	n/a	4087.09846827	4006.12359551	3879.41942605	4094.30357143	3568.6056338	n/a	4059.60381862	4259.90566038	4545.51540041	3885.00738916	3682.14511873	4681.68546638	4179.94418605	3992.88941176	n/a	3427.65439093	n/a	3569.02617801
alpha_rarefaction_72733_0.txt	72733	0	3595.74515235	4319.41758242	n/a	3980.11085973	4419.87635575	3724.03937008	3790.95886889	3884.27506427	n/a	4277.23476298	4088.87308534	3879.54175153	4194.72933884	n/a	n/a	n/a	4618.66512702	4699.4969697	n/a	3870.84856397	4835.17948718	4051.94979079	4222.72222222	n/a	3520.54498715	n/a	3802.20708447
alpha_rarefaction_72733_1.txt	72733	1	3561.05483029	4272.6700611	n/a	3978.33031674	4506.2283105	3933.22928177	3727.03614458	3955.4308094	n/a	4169.13062099	4109.26931106	3909.93110647	4125.78099174	n/a	n/a	n/a	4480.28306265	4715.84449244	n/a	3843.67287234	4677.0	4220.40697674	4158.72268908	n/a	3527.27851459	n/a	3620.76190476
alpha_rarefaction_72733_2.txt	72733	2	3603.02439024	4275.01290323	n/a	4094.24475524	4316.01276596	3895.17250674	3679.45346062	3833.18666667	n/a	4198.1441048	4170.04740406	3925.1872428	4117.26059322	n/a	n/a	n/a	4398.45553145	4696.57258065	n/a	3756.0546875	4560.39583333	4129.0344086	4217.13551402	n/a	3568.98800959	n/a	3597.94497608
alpha_rarefaction_72733_3.txt	72733	3	3474.36029412	4140.80590717	n/a	4006.76975169	4314.29565217	3760.203125	3753.665	3947.07258065	n/a	4278.55875831	4233.38372093	3959.53829322	4065.44	n/a	n/a	n/a	4448.14038877	4640.52873563	n/a	3741.70588235	4680.13362069	4011.41983122	4087.03409091	n/a	3618.05526316	n/a	3719.50806452
alpha_rarefaction_72733_4.txt	72733	4	3480.52429668	4286.12061404	n/a	4061.07572383	4396.3490364	3841.7518797	3957.74229692	4004.0265252	n/a	4321.88461538	4133.79431072	3888.65442765	4134.42020202	n/a	n/a	n/a	4531.79865772	4659.86956522	n/a	3795.475	4593.64328657	4020.23024831	4140.10180995	n/a	3761.18208092	n/a	3726.72440945
alpha_rarefaction_72733_5.txt	72733	5	3536.33240997	4237.69002123	n/a	3984.61297539	4363.9375	3756.12590799	3889.51639344	3907.29268293	n/a	4123.02309469	4153.70678337	3862.96907216	4223.325	n/a	n/a	n/a	4591.99352052	4754.21632653	n/a	3931.47910864	4653.07438017	4009.84421053	4153.55244755	n/a	3370.26550868	n/a	3629.01213592
alpha_rarefaction_72733_6.txt	72733	6	3561.07466667	4178.84368308	n/a	4154.27845036	4383.86016949	3714.30612245	3853.81216931	3876.640625	n/a	4326.11060948	4091.92070485	3883.71276596	4194.50204082	n/a	n/a	n/a	4558.55737705	4536.92775665	n/a	3841.88978495	4599.62698413	4099.78205128	4145.57630979	n/a	3722.02816901	n/a	3709.19402985
alpha_rarefaction_72733_7.txt	72733	7	3593.24661247	4298.29694323	n/a	4081.06730769	4310.00211864	3886.60330579	3743.22195122	3897.25984252	n/a	4214.74541284	4159.08200456	3829.12936345	4276.45454545	n/a	n/a	n/a	4459.5704698	4711.25050916	n/a	3928.19414894	4683.05749487	4151.01339286	4144.81438515	n/a	3621.55807365	n/a	3629.365
alpha_rarefaction_72733_8.txt	72733	8	3492.76903553	4310.90423163	n/a	3947.40674157	4404.74193548	3699.81658291	3797.45363409	3923.80051813	n/a	4246.68409091	4200.0	3878.33402923	4105.35135135	n/a	n/a	n/a	4399.09698276	4743.07053942	n/a	3795.48011364	4601.36774194	4061.39159292	4125.59227468	n/a	3522.81034483	n/a	3596.67574257
alpha_rarefaction_72733_9.txt	72733	9	3645.8125	4193.00226244	n/a	4019.90639269	4246.83536585	3850.02072539	3774.51530612	3942.63350785	n/a	4328.3258427	4132.34772727	3870.63157895	4171.34	n/a	n/a	n/a	4384.03211991	4726.75149105	n/a	3728.54263566	4726.13347921	4065.37061404	4186.84883721	n/a	3704.93859649	n/a	3550.91463415
alpha_rarefaction_83122_0.txt	83122	0	3601.23514851	4404.0	n/a	4072.96651786	4466.0	3846.8	4050.23514212	3965.0	n/a	4389.03267974	4280.30155211	3927.95573441	4136.48275862	n/a	n/a	n/a	4679.82247191	4717.62137681	n/a	3842.59383033	4731.34897959	4197.89230769	4154.86393089	n/a	3684.1625	n/a	3726.15594059
alpha_rarefaction_83122_1.txt	83122	1	3583.41346154	4435.25	n/a	4123.42165899	4655.93464052	3854.0	3775.62731481	3974.19230769	n/a	4218.55555556	4242.44155844	3902.45	4201.83529412	n/a	n/a	n/a	4473.32415254	4893.14864865	n/a	4013.80978261	4629.45977011	4228.37254902	4232.76637555	n/a	3721.81300813	n/a	3741.24205379
alpha_rarefaction_83122_2.txt	83122	2	3580.99278846	4422.17594655	n/a	4100.44615385	4366.33939394	3871.0	3750.97972973	4051.37203166	n/a	4383.33849558	4211.3	3930.84804928	4206.33128834	n/a	n/a	n/a	4687.84615385	4753.01190476	n/a	3986.04724409	4794.072	4321.62585034	4198.00675676	n/a	3712.0257732	n/a	3737.7575
alpha_rarefaction_83122_3.txt	83122	3	3566.45714286	4397.09533898	n/a	4131.61716937	4642.4806867	3913.30379747	3829.00240964	4021.63588391	n/a	4371.20044053	4256.04805492	3942.82680412	4216.81510934	n/a	n/a	n/a	4602.58105263	4766.17757009	n/a	3927.23433243	4888.42975207	4176.00632911	4316.96127563	n/a	3561.11340206	n/a	3795.03816794
alpha_rarefaction_83122_4.txt	83122	4	3665.00262467	4247.8597561	n/a	4097.22632794	4435.95266272	3870.24331551	3896.58646617	3882.68148148	n/a	4380.50657895	4259.83813747	3909.72672065	4210.39478958	n/a	n/a	n/a	4547.40772532	4831.12476371	n/a	4008.30706522	4821.96673597	4113.71257485	4319.35844749	n/a	3666.0	n/a	3691.99009901
alpha_rarefaction_83122_5.txt	83122	5	3545.34532374	4400.02164502	n/a	4075.23076923	4549.83884298	3916.16582915	4034.45728643	3929.79575597	n/a	4394.01290323	4274.0	3919.42712551	4184.05566219	n/a	n/a	n/a	4512.03232759	4947.256	n/a	4052.17280453	4840.90105263	4096.98765432	4253.07894737	n/a	3660.03989362	n/a	3729.79900744
alpha_rarefaction_83122_6.txt	83122	6	3616.32762836	4419.05919662	n/a	4137.45673077	4357.94035785	3851.86157518	4002.90792839	4009.01445783	n/a	4407.56570156	4295.24137931	3940.62145749	4182.27789047	n/a	n/a	n/a	4804.62790698	4979.57700205	n/a	3926.03846154	4793.24691358	4082.70422535	4231.37254902	n/a	3644.49479167	n/a	3756.95214106
alpha_rarefaction_83122_7.txt	83122	7	3638.70408163	4360.49253731	n/a	4051.05630631	4394.39583333	3860.11335013	3794.69521411	3934.02475248	n/a	4461.41463415	4311.15068493	3939.55804481	4112.12331407	n/a	n/a	n/a	4592.25263158	4902.78093306	n/a	4035.98360656	4690.76391555	4253.1108742	4241.01339286	n/a	3669.59383033	n/a	3689.06097561
alpha_rarefaction_83122_8.txt	83122	8	3556.18481013	4385.00218341	n/a	4042.93832599	4416.05882353	3894.14473684	4026.30851064	3997.16136919	n/a	4425.83254717	4302.00678733	3937.6673428	4164.11977186	n/a	n/a	n/a	4567.06896552	4755.71813285	n/a	3983.17597765	4652.92307692	4107.64489796	4356.14611872	n/a	3679.30848329	n/a	3762.01754386
alpha_rarefaction_83122_9.txt	83122	9	3609.82133995	4310.2012848	n/a	4053.34354486	4532.73125	3960.56266667	3862.06542056	4041.85245902	n/a	4356.09594883	4195.1258427	3989.39874739	4244.37649402	n/a	n/a	n/a	4602.68855932	4912.21153846	n/a	3797.12315271	4858.48275862	4189.58333333	4445.05348837	n/a	3700.05511811	n/a	3720.74029126
alpha_rarefaction_93511_0.txt	93511	0	3653.1	4375.33059548	n/a	4145.13839286	4656.91194969	3929.07142857	3786.35886214	4080.10406091	n/a	4430.1441048	4338.50943396	n/a	4267.72815534	n/a	n/a	n/a	4774.21814255	4893.61320755	n/a	3972.0	4846.87349398	4196.96855346	4423.84375	n/a	3786.0	n/a	n/a
alpha_rarefaction_93511_1.txt	93511	1	3659.88491049	4449.71548117	n/a	4208.51079137	4617.10934394	3969.02487562	3980.20610687	4178.8968254	n/a	4547.71052632	4297.67320261	n/a	4289.2372549	n/a	n/a	n/a	4729.76572668	5039.26441352	n/a	4091.17318436	4895.35774059	4233.28041237	4274.07053942	n/a	3708.0971867	n/a	n/a
alpha_rarefaction_93511_2.txt	93511	2	3745.23514212	4469.80254777	n/a	4219.60273973	4580.07392197	3920.28502415	3875.51598174	4097.95696203	n/a	4478.51363636	4330.17105263	n/a	4237.87735849	n/a	n/a	n/a	4727.65726681	4812.14857143	n/a	4121.85411141	4811.34262948	4200.02464066	4353.48387097	n/a	3795.81300813	n/a	n/a
alpha_rarefaction_93511_3.txt	93511	3	3702.54207921	4476.49044586	n/a	4167.30681818	4627.57861635	3902.8186398	3840.57174888	4125.04904632	n/a	4497.96452328	4321.58333333	n/a	4246.81783681	n/a	n/a	n/a	4599.25104603	4947.01136364	n/a	4052.6084507	4904.09164969	4274.36228814	4475.43198091	n/a	3762.64540816	n/a	n/a
alpha_rarefaction_93511_4.txt	93511	4	3686.73594132	4404.06029106	n/a	4190.49202733	4677.02008032	3936.73529412	3944.0495283	4080.00733496	n/a	4408.51334702	4347.88815789	n/a	4229.61376673	n/a	n/a	n/a	4685.57330416	4953.02559415	n/a	4006.80978261	4733.52884615	4242.32857143	4239.46745562	n/a	3777.2685422	n/a	n/a
alpha_rarefaction_93511_5.txt	93511	5	3597.05529954	4535.1838565	n/a	4191.71264368	4602.39832285	3906.4764268	4022.22807018	4072.04098361	n/a	4520.03184713	4336.16157205	n/a	4248.23984526	n/a	n/a	n/a	4784.70127119	4892.66351607	n/a	4074.55371901	4827.46958175	4197.23849372	4506.98633257	n/a	3813.17414248	n/a	n/a
alpha_rarefaction_93511_6.txt	93511	6	3658.53300733	4491.0	n/a	4173.98881432	4472.63352827	3979.02531646	4019.51079137	4177.49746193	n/a	4642.6	4313.13815789	n/a	4282.19844358	n/a	n/a	n/a	4734.43103448	4958.33075435	n/a	4043.32702703	4913.12340426	4214.89655172	4287.02876106	n/a	3750.20155039	n/a	n/a
alpha_rarefaction_93511_7.txt	93511	7	3666.66666667	4392.43951613	n/a	4187.34693878	4596.05679513	3967.05370844	4002.72727273	4054.20779221	n/a	4561.92948718	4304.07675906	n/a	4252.72727273	n/a	n/a	n/a	4709.48631579	4910.10826772	n/a	4054.57824934	4771.56124314	4265.94143167	4385.04646018	n/a	3832.00265252	n/a	n/a
alpha_rarefaction_93511_8.txt	93511	8	3641.36117936	4486.48529412	n/a	4156.16475973	4630.91772152	4009.3443038	3941.13253012	4026.26315789	n/a	4326.40606061	4309.37719298	n/a	4234.53308129	n/a	n/a	n/a	4677.05833333	4950.45	n/a	4029.11382114	4848.0209205	4222.59509202	4386.1187905	n/a	3773.14138817	n/a	n/a
alpha_rarefaction_93511_9.txt	93511	9	3640.2	4490.19402985	n/a	4166.24379233	4514.77938144	3954.51597052	3967.21822542	4126.23690773	n/a	4513.14042553	4389.88646288	n/a	4247.31226054	n/a	n/a	n/a	4660.0310559	4931.65	n/a	4141.81767956	4893.15758755	4229.87704918	4441.11711712	n/a	3897.87535411	n/a	n/a
alpha_rarefaction_103900_0.txt	103900	0	3663.1381733	4516.03512397	n/a	n/a	4770.55020921	n/a	4051.06666667	4156.06879607	n/a	4614.4059633	4451.67114094	n/a	n/a	n/a	n/a	n/a	4835.13580247	4948.31568998	n/a	4110.4453125	5000.41666667	4321.10144928	4434.06818182	n/a	3813.66666667	n/a	n/a
alpha_rarefaction_103900_1.txt	103900	1	3713.26428571	4516.03512397	n/a	n/a	4621.62692308	n/a	3885.38565022	4211.74093264	n/a	4545.01304348	4409.70419426	n/a	n/a	n/a	n/a	n/a	4761.71172962	5079.00189036	n/a	4127.15079365	4991.30538922	4367.62740899	4382.36820926	n/a	3843.0026455	n/a	n/a
alpha_rarefaction_103900_2.txt	103900	2	3729.34352941	4516.03512397	n/a	n/a	4655.75143403	n/a	4016.12880562	4231.3046875	n/a	4634.87981859	4429.53263158	n/a	n/a	n/a	n/a	n/a	4595.92307692	5102.44726562	n/a	4134.63287671	4929.16039604	4330.21263158	4391.0	n/a	3868.07197943	n/a	n/a
alpha_rarefaction_103900_3.txt	103900	3	3671.27752294	4516.03512397	n/a	n/a	4653.86220472	n/a	3937.92431193	4194.09183673	n/a	4534.97280335	4402.63282937	n/a	n/a	n/a	n/a	n/a	4737.13692946	5011.52272727	n/a	4236.17280453	4866.62062257	4309.9137577	4529.85314685	n/a	3844.74441687	n/a	n/a
alpha_rarefaction_103900_4.txt	103900	4	3728.56338028	4516.03512397	n/a	n/a	4640.99798793	n/a	3976.97931034	4381.51226158	n/a	4568.26373626	4395.63948498	n/a	n/a	n/a	n/a	n/a	4819.11247444	5023.75746269	n/a	4190.6302521	5065.90814196	4324.9057377	4463.63179916	n/a	3761.80693069	n/a	n/a
alpha_rarefaction_103900_5.txt	103900	5	3710.69411765	4514.28865979	n/a	n/a	4671.54455446	n/a	3950.69724771	4232.92857143	n/a	4531.1425486	4462.38340807	n/a	n/a	n/a	n/a	n/a	4721.18128655	5076.06679035	n/a	4165.29281768	4894.85351562	4303.22424242	4373.73019272	n/a	3907.27486911	n/a	n/a
alpha_rarefaction_103900_6.txt	103900	6	3707.44262295	4516.03512397	n/a	n/a	4651.79522863	n/a	4021.27713626	4213.58854167	n/a	4649.57142857	4441.39072848	n/a	n/a	n/a	n/a	n/a	4697.09090909	5085.79522863	n/a	4139.46467391	4911.01535509	4299.22290389	4455.47764228	n/a	3859.75376884	n/a	n/a
alpha_rarefaction_103900_7.txt	103900	7	3733.65632458	4516.03512397	n/a	n/a	4589.60903733	n/a	3907.4295302	4146.22921914	n/a	4584.03239741	4401.20474138	n/a	n/a	n/a	n/a	n/a	4832.56659619	5044.19736842	n/a	4151.54947917	4920.04950495	4360.51578947	4459.2893617	n/a	3754.5275	n/a	n/a
alpha_rarefaction_103900_8.txt	103900	8	3705.48951049	4516.03512397	n/a	n/a	4778.51527495	n/a	3943.29139073	4226.14179104	n/a	4570.0	4398.3611691	n/a	n/a	n/a	n/a	n/a	4702.21414538	5141.49510763	n/a	4132.19565217	5037.07331976	4351.96774194	4431.85918367	n/a	3869.09254499	n/a	n/a
alpha_rarefaction_103900_9.txt	103900	9	3672.3986014	4516.03512397	n/a	n/a	4693.22058824	n/a	3861.225	4269.22252011	n/a	4595.09414226	4413.42675159	n/a	n/a	n/a	n/a	n/a	4815.04303279	5090.57471264	n/a	4294.4	5115.63429752	4260.47368421	4513.01293103	n/a	3797.18337408	n/a	n/a