	sequences per sample	iteration	515rcbc21	515rcbc17	515rcbc34	515rcbc33	515rcbc31	515rcbc15	515rcbc26	515rcbc22	515rcbc37	515rcbc24	515rcbc18	515rcbc35	515rcbc11	515rcbc27	515rcbc13	515rcbc23	515rcbc16	515rcbc29	515rcbc9	515rcbc14	515rcbc19	515rcbc28	515rcbc10	515rcbc8	515rcbc25	515rcbc36	515rcbc32
alpha_rarefaction_10_0.txt	10	0	3.71542	3.59552	3.41923	2.24882	3.52514	3.34476	3.31043	3.41036	3.35035	2.49414	3.20377	3.50868	3.0861	2.75748	2.87902	3.01054	2.80957	2.85875	3.4411	2.47511	3.02863	3.16637	3.47067	3.23479	3.05947	2.8204	2.52861
alpha_rarefaction_10_1.txt	10	1	2.22153	3.05906	3.04405	3.47433	2.60607	2.54404	3.22524	2.72658	3.4666	2.393	3.00094	2.80423	1.90583	2.21949	2.64973	2.81545	2.81984	3.10812	2.89382	2.94605	3.71675	2.92621	2.72866	2.11758	3.11924	2.73433	2.81021
alpha_rarefaction_10_2.txt	10	2	3.71855	3.56232	3.02211	3.03179	2.91456	2.77605	3.32116	2.95556	3.14737	3.35062	2.91605	2.76414	3.52206	3.32426	3.38353	3.25236	3.28488	3.49733	3.23779	2.85566	2.59466	3.47125	2.52399	2.66666	1.79505	2.99611	3.04295
alpha_rarefaction_10_3.txt	10	3	2.83511	2.60575	3.50494	2.31875	3.12054	2.31207	3.05306	3.04966	3.05541	2.34072	2.71245	2.85135	2.71731	3.02193	2.74162	2.80056	3.33303	2.52327	2.96905	3.30855	2.93748	3.4989	3.43369	3.21811	2.42396	2.66564	3.54002
alpha_rarefaction_10_4.txt	10	4	4.24637	2.47201	3.21313	2.43424	2.95346	2.18019	2.43862	2.64784	3.05257	3.96397	3.47568	3.94341	3.16519	3.06969	3.07841	2.52843	2.88697	2.93285	4.36013	3.22589	2.9564	2.33435	2.96213	2.70838	3.29817	3.10611	2.80549
alpha_rarefaction_10_5.txt	10	5	3.31264	3.01472	2.81617	3.17313	3.48199	3.28973	2.69615	2.11799	2.73195	3.07283	3.5621	3.01006	2.90257	2.73667	3.2405	3.84474	2.54961	3.18916	3.12099	2.45651	3.23806	3.0892	3.301	3.81644	3.0788	2.388	2.90982
alpha_rarefaction_10_6.txt	10	6	2.94866	2.9508	2.75567	1.90711	2.85214	2.20661	2.97267	3.62084	2.82384	3.192	3.33316	2.80496	2.32195	3.45374	2.46352	2.66757	2.42884	4.16331	3.45139	2.32666	2.63158	3.69788	2.67293	2.43078	2.36008	2.77514	3.39165
alpha_rarefaction_10_7.txt	10	7	3.29861	2.72939	2.62149	3.01911	3.41741	3.15143	2.76762	3.11527	3.35828	2.23007	2.93037	3.48947	3.4769	3.43831	3.12933	3.00397	3.21146	3.29667	2.83023	2.97376	2.80874	2.69452	2.77914	2.75974	2.8239	3.34321	3.81447
alpha_rarefaction_10_8.txt	10	8	2.69269	2.65644	2.83716	2.34648	3.18797	3.01364	3.14844	3.00194	2.56162	3.3803	3.33591	2.84756	3.63343	3.00893	3.41958	3.3101	3.39016	3.08125	3.56852	3.0211	3.00339	3.30902	3.31857	3.24767	3.13598	3.19394	3.38857
alpha_rarefaction_10_9.txt	10	9	2.36278	2.88087	2.67869	2.78919	3.19137	2.68915	3.28508	2.96014	2.28292	2.95346	2.84008	3.03516	2.96299	3.82837	3.70476	3.11091	3.16614	2.49535	2.38902	2.57106	2.55393	2.5935	3.4741	2.95811	3.15458	3.08825	2.55825
alpha_rarefaction_10399_0.txt	10399	0	88.67188	92.5901	90.31418	91.89446	93.84125	89.37367	84.37791	88.19413	95.90795	95.97914	94.91294	92.62515	94.02487	91.5202	88.94036	95.70009	94.54214	97.89603	95.39127	92.98172	97.85799	96.10727	89.70835	96.43388	83.69719	82.91219	86.28108
alpha_rarefaction_10399_1.txt	10399	1	88.25241	93.30991	88.91947	90.61097	90.7668	89.63877	85.04841	88.55357	99.10204	97.14784	95.5806	89.44906	93.21853	90.63167	87.11362	94.42405	92.50449	101.17603	94.73546	91.43273	100.04249	94.18663	90.27375	97.20393	85.36772	82.38766	84.80948
alpha_rarefaction_10399_2.txt	10399	2	88.99951	94.80275	92.25648	90.83365	93.67781	88.18483	87.37927	90.19893	97.16469	96.49326	92.77333	92.27466	96.75501	91.94148	87.51138	93.05418	92.80024	100.87	97.12883	89.05322	100.46646	95.33458	91.34999	94.58611	84.24789	84.48337	82.79778
alpha_rarefaction_10399_3.txt	10399	3	86.84702	95.9998	92.27698	88.83731	91.77557	85.73173	87.26984	88.27498	100.28571	94.89624	95.32201	90.95602	95.82352	92.05	85.24375	93.95987	95.86931	97.82805	95.37972	90.32425	100.09145	90.82776	89.9754	93.67746	83.01046	84.22353	88.03068
alpha_rarefaction_10399_4.txt	10399	4	87.05424	96.23879	91.33046	92.21285	92.90819	87.60766	84.16419	89.57992	97.52717	92.42523	95.17423	91.60141	95.9999	91.8519	86.64738	94.65854	94.73451	100.18729	96.92003	90.95819	98.46248	93.91776	88.45193	95.88386	84.19624	83.4597	84.90759
alpha_rarefaction_10399_5.txt	10399	5	88.81388	93.78666	91.22569	91.23987	91.77918	87.75405	84.99142	89.63819	97.37984	93.68354	92.43087	91.10876	95.54851	93.45848	86.97704	93.30782	95.43836	100.3389	95.20059	90.47949	100.73827	93.65509	88.90441	96.07143	83.52981	82.11481	86.37836
alpha_rarefaction_10399_6.txt	10399	6	87.25801	92.03288	90.75159	91.79162	91.64088	87.25359	87.95068	90.50071	99.00198	93.11727	93.72514	93.26759	94.94891	91.7063	85.5019	96.64928	95.92613	99.35581	94.16729	89.9483	98.99153	93.55576	90.70877	94.64007	84.57746	83.11162	85.48892
alpha_rarefaction_10399_7.txt	10399	7	85.36246	94.14786	90.40821	91.54117	92.57017	85.89725	86.25163	91.1589	96.76165	93.21397	94.9489	89.01616	94.84581	91.84367	86.18169	94.50655	95.62026	98.18568	96.4596	90.64017	99.4943	93.30777	90.47268	94.8871	83.49551	85.78764	85.99691
alpha_rarefaction_10399_8.txt	10399	8	86.04224	92.8402	89.88206	93.0201	90.09368	87.99774	87.12636	90.21727	98.21459	94.86209	93.57964	90.92095	93.38443	91.72701	86.40754	94.70642	95.68592	99.57043	96.35506	89.34398	100.90901	93.20107	89.9267	96.93522	84.38952	83.83335	86.79726
alpha_rarefaction_10399_9.txt	10399	9	85.93585	94.01771	91.93313	88.65753	91.78616	85.77677	84.15353	89.9195	97.97649	94.50708	94.70821	89.86881	95.87476	90.84884	87.03808	93.06139	96.03028	99.56311	97.46347	89.36879	100.68395	94.15525	89.81882	92.95945	84.30659	83.822	85.74095
alpha_rarefaction_20788_0.txt	20788	0	106.02861	114.10665	113.04454	112.24426	112.91255	105.67964	106.33124	108.83246	120.52624	115.76548	113.69589	111.6544	116.92623	109.60283	103.4032	113.77478	115.97133	120.96446	115.17457	108.50146	122.29277	115.43998	113.17794	116.31337	100.65821	102.93164	104.84757
alpha_rarefaction_20788_1.txt	20788	1	104.95254	115.04539	111.80974	109.99746	111.06038	105.21558	106.07447	109.54715	118.29864	114.87039	114.9017	113.16238	116.38858	110.8016	104.39059	115.8115	114.44082	119.05679	115.30313	109.47752	123.72486	115.7136	113.60754	115.32616	99.96728	103.87314	106.11375
alpha_rarefaction_20788_2.txt	20788	2	106.13697	113.72919	110.58493	111.33884	112.08543	105.87836	103.32004	110.16568	118.79818	117.55511	115.38189	110.74397	118.01439	110.70854	103.55999	118.09145	115.12269	123.61938	115.29944	107.95463	123.22372	115.64806	110.55917	115.25291	103.53372	102.15809	104.71078
alpha_rarefaction_20788_3.txt	20788	3	105.5969	116.074	109.76381	112.79727	114.0298	109.10677	103.86172	111.29482	117.93397	118.04098	114.24126	112.75843	117.37362	109.07329	103.39809	115.27877	116.26307	122.79148	116.31628	107.99823	120.46899	113.28164	112.22455	114.56534	101.89979	102.93591	105.45796
alpha_rarefaction_20788_4.txt	20788	4	105.40905	115.44084	111.70081	111.62811	112.25342	107.9876	105.14724	109.23921	119.07778	117.2807	113.65921	111.8219	116.1017	111.64436	105.88807	116.8315	113.66622	122.7111	115.15682	108.37305	122.67556	112.84203	112.08443	116.29068	100.96378	103.12618	102.71864
alpha_rarefaction_20788_5.txt	20788	5	105.06415	116.14138	110.31913	111.50129	112.39861	108.50283	105.25506	110.23923	118.32417	115.16222	113.12986	111.78159	115.13418	111.38203	105.9889	115.99201	114.52609	120.87889	115.66643	111.20884	122.86849	116.33143	109.25943	115.76894	103.25824	102.16746	106.2378
alpha_rarefaction_20788_6.txt	20788	6	104.58017	112.97843	111.03254	109.43526	112.30406	105.66371	105.66785	108.50924	119.95246	114.82503	112.85643	113.89673	114.39047	110.90397	104.43415	115.44714	114.78971	121.34223	114.91259	108.27879	124.66259	114.06447	111.06748	114.44519	102.00879	102.89208	105.72548
alpha_rarefaction_20788_7.txt	20788	7	105.80857	117.32375	110.31834	113.29301	114.47738	109.85239	103.53674	110.29753	117.50597	120.81025	115.15012	110.50162	115.68515	111.08546	103.6942	114.79024	116.30379	123.87902	114.59958	111.16806	120.77844	112.76128	112.72714	114.63287	101.19356	101.38367	105.74237
alpha_rarefaction_20788_8.txt	20788	8	104.53733	116.09974	108.22423	111.37975	112.35158	103.87609	104.53048	110.09863	117.91141	116.17241	114.40441	110.96279	114.96733	110.05733	105.14837	115.65483	114.56258	124.38784	115.05943	108.91269	121.58672	113.62091	111.71874	115.0971	102.14429	102.93582	104.68787
alpha_rarefaction_20788_9.txt	20788	9	107.11948	113.12541	112.74758	114.55525	114.44661	108.12038	106.35193	109.10534	118.70837	118.24559	115.05814	115.77108	115.1997	112.22411	106.01813	116.43813	115.57565	121.17991	115.3825	110.88587	122.54658	114.83174	110.26414	115.61174	102.4064	103.37768	102.95559
alpha_rarefaction_31177_0.txt	31177	0	117.1419	129.19286	121.62936	125.5518	125.43481	116.77141	116.08091	120.2217	131.45631	128.61988	127.08987	126.00913	129.59547	120.32631	115.08128	129.81142	127.24839	134.33009	127.97326	118.02092	134.28608	128.19679	123.20592	127.29688	113.36161	113.60344	114.13769
alpha_rarefaction_31177_1.txt	31177	1	114.88449	128.49461	122.6738	123.24023	123.91802	116.15964	118.47692	119.51473	131.58096	128.87478	125.39591	123.996	128.39361	123.50281	114.18768	128.46907	128.0118	135.6422	127.44866	119.74321	137.0299	125.70137	125.60763	127.27078	112.33732	113.57212	113.22559
alpha_rarefaction_31177_2.txt	31177	2	115.14896	129.04568	122.95389	121.16105	126.71886	116.59951	114.98808	119.72579	130.51229	127.65583	124.92273	124.85164	129.74453	120.43365	115.64748	128.31008	126.29558	137.00434	126.68197	121.51218	135.18075	127.49684	120.85588	126.90519	112.57619	114.27371	114.78836
alpha_rarefaction_31177_3.txt	31177	3	116.11279	127.2344	122.71639	125.16155	127.86874	117.90105	116.14681	119.64964	131.42272	130.86551	126.26047	125.6551	128.56638	120.16394	115.69023	128.90894	126.78756	135.05301	127.64154	121.66157	137.80622	127.01213	123.14105	127.21684	113.01853	114.55102	117.12989
alpha_rarefaction_31177_4.txt	31177	4	115.14977	130.85854	121.82255	124.12832	127.11499	117.59121	116.64457	122.13693	132.66771	130.49813	126.37078	126.33272	129.24599	122.65149	115.42942	127.27734	127.15439	135.88907	127.11002	119.40513	137.22505	126.76057	124.77275	127.11788	113.4386	114.50746	117.55307
alpha_rarefaction_31177_5.txt	31177	5	116.46821	128.24185	124.83233	123.94142	126.90544	119.80912	116.16769	121.63955	132.06864	128.65126	125.78645	126.55357	128.02224	122.97283	116.23766	130.16167	128.27891	136.05882	126.96052	119.94051	135.68744	127.72409	122.16653	127.26712	111.46964	114.23613	116.21565
alpha_rarefaction_31177_6.txt	31177	6	116.38766	126.86857	123.87034	123.25519	125.29766	118.2517	118.5774	119.79698	131.53694	131.76843	127.48802	127.41587	129.90487	121.69901	114.1092	126.97559	128.94969	135.74974	127.19933	121.07241	136.17424	126.97709	124.81157	126.6466	113.26907	114.08882	116.20508
alpha_rarefaction_31177_7.txt	31177	7	115.03161	129.96901	123.18782	123.62318	125.68248	118.56538	116.3533	121.43201	130.83346	129.83061	126.64372	126.94996	129.23008	122.6069	115.45756	126.99874	127.67883	137.87897	128.56371	121.26722	134.76488	129.05335	123.97669	126.15295	110.37217	113.32533	114.32369
alpha_rarefaction_31177_8.txt	31177	8	116.25367	128.66988	123.50727	122.88709	125.30088	118.22748	116.42428	122.13698	131.35676	128.28892	127.339	127.37837	128.77879	122.82503	114.71241	126.29222	128.95027	137.29161	125.26489	121.60603	135.18865	127.71475	123.54689	126.86142	113.86087	114.18124	114.56472
alpha_rarefaction_31177_9.txt	31177	9	113.96824	129.71637	122.35356	122.08909	125.60204	117.0597	115.03182	120.53293	132.16925	129.37327	126.32983	126.32561	129.59377	123.19662	113.84539	128.05905	127.19371	136.40136	127.67574	118.98479	135.2265	127.41172	122.55526	127.66012	111.93095	113.92172	117.11437
alpha_rarefaction_41566_0.txt	41566	0	121.92795	137.25822	130.73136	132.68045	135.49221	128.75712	126.3301	130.20517	140.89112	136.70272	137.76007	135.71021	139.60993	129.25444	121.75584	136.55143	135.32163	145.04822	135.89156	128.21302	146.32193	136.59409	132.51114	n/a	119.41415	n/a	124.35323
alpha_rarefaction_41566_1.txt	41566	1	123.39524	136.61187	130.49362	131.89326	136.04715	127.61001	126.17426	129.37427	138.93149	139.03754	134.87814	134.47204	137.91217	129.99128	122.8471	136.54059	138.6738	145.56965	137.42391	127.80138	146.05411	138.37958	131.9857	n/a	121.99749	n/a	124.14424
alpha_rarefaction_41566_2.txt	41566	2	124.74472	139.96027	132.35937	132.95755	137.29134	128.85942	125.11288	130.66881	141.02569	138.70629	136.82967	135.88126	137.02112	130.62731	123.34946	136.42805	136.01231	145.70048	136.73057	127.04255	144.55625	137.47304	131.93942	n/a	121.66227	n/a	127.20808
alpha_rarefaction_41566_3.txt	41566	3	123.9878	138.65559	130.94934	133.82565	136.6438	127.09915	123.55662	129.29391	138.707	139.74421	135.89678	135.38264	138.45945	129.5746	121.83937	136.93962	139.32069	146.92619	136.87289	127.55625	147.14243	136.0846	131.17292	n/a	119.45286	n/a	125.38703
alpha_rarefaction_41566_4.txt	41566	4	124.76304	138.4664	130.75179	133.35654	136.87109	127.10347	126.73269	129.94181	139.04707	139.53618	135.6618	134.92022	138.49075	129.20641	123.19504	137.81332	139.44118	145.89848	136.55405	129.13144	143.02391	135.02033	132.73867	n/a	121.81576	n/a	123.6728
alpha_rarefaction_41566_5.txt	41566	5	125.86395	136.00248	130.65643	132.77324	137.1393	125.36705	124.5108	130.9094	140.06041	140.7234	136.97591	134.59065	137.77578	129.0858	122.30557	136.94004	138.71153	144.40327	135.73398	126.60415	144.98824	135.73543	132.37042	n/a	119.46159	n/a	124.64415
alpha_rarefaction_41566_6.txt	41566	6	123.97584	137.33342	132.19635	130.15993	136.04002	126.27684	125.49169	127.74194	139.03489	139.04744	135.51041	133.81281	138.10567	131.0321	122.2896	137.30291	135.34113	148.33515	135.60025	129.61471	146.67869	135.79091	132.95725	n/a	120.22419	n/a	123.15747
alpha_rarefaction_41566_7.txt	41566	7	124.07807	138.69964	129.79273	131.27777	134.83331	127.01426	124.44468	130.91453	140.65721	139.49881	135.15467	132.93425	139.40152	129.19345	122.98636	136.69362	138.661	147.47414	135.05826	127.43001	146.13786	136.42731	133.72678	n/a	118.94228	n/a	125.34644
alpha_rarefaction_41566_8.txt	41566	8	122.93206	140.06018	130.82774	132.85157	134.70057	126.6702	126.06047	129.63275	139.51382	138.51599	135.97831	138.46896	137.15289	130.36778	121.42492	137.68276	137.6757	147.12625	135.60938	128.49679	145.62443	137.32173	131.91573	n/a	121.76153	n/a	126.41228
alpha_rarefaction_41566_9.txt	41566	9	125.05562	139.01297	131.8863	131.7255	134.86907	125.74982	124.40515	131.68681	138.59217	135.2761	135.62065	135.27664	138.07992	130.30363	123.50792	134.97447	137.68505	149.15019	137.10976	129.41161	145.33378	135.583	133.9997	n/a	121.51195	n/a	124.46586
alpha_rarefaction_51955_0.txt	51955	0	130.86414	144.81584	138.31549	139.00496	142.92159	132.26291	131.12329	138.3605	145.8671	147.75374	143.34328	145.57503	147.13575	135.36947	128.21051	144.33518	144.73993	154.16608	143.77578	136.03559	151.37992	142.47551	139.74562	n/a	127.15968	n/a	131.5879
alpha_rarefaction_51955_1.txt	51955	1	130.05703	147.77761	137.60093	136.95356	143.31166	134.6647	134.9306	134.77422	145.28906	145.96878	143.7402	142.911	144.61628	135.74138	128.41723	143.77122	144.80145	152.48297	142.16777	135.22819	154.58328	142.53423	139.59201	n/a	127.57351	n/a	130.72125
alpha_rarefaction_51955_2.txt	51955	2	130.38101	145.57173	137.1105	140.98096	143.39511	133.31165	133.00137	136.90838	145.24928	148.02236	142.9753	144.49458	145.42055	133.94791	128.69513	144.33483	142.77753	153.92557	143.17638	135.92285	154.37723	144.1656	139.14053	n/a	128.16158	n/a	130.90523
alpha_rarefaction_51955_3.txt	51955	3	130.58121	145.56118	138.14744	139.9716	143.63428	132.33143	133.64755	134.30736	146.20784	145.55672	142.52454	144.69879	144.1025	135.60482	128.21484	144.25231	144.25605	154.04775	143.06623	134.89742	153.12656	143.14404	137.34307	n/a	126.76628	n/a	131.97682
alpha_rarefaction_51955_4.txt	51955	4	128.62143	145.62921	135.92188	137.75277	143.02603	131.63433	132.15315	134.86776	145.31498	149.05007	143.94673	142.77835	144.99596	136.51337	127.60955	142.90918	144.48609	154.88406	142.5768	134.16329	153.37203	143.18548	138.55412	n/a	125.86331	n/a	131.4056
alpha_rarefaction_51955_5.txt	51955	5	130.13043	145.23719	137.33192	140.28872	141.32123	134.65353	130.94946	134.65729	145.75322	146.34962	141.82186	142.23128	144.10234	134.71123	127.91634	145.00068	143.79757	154.163	142.00428	134.30496	155.84856	142.01463	138.72314	n/a	127.42558	n/a	131.93059
alpha_rarefaction_51955_6.txt	51955	6	130.60148	143.14593	138.36302	138.49083	142.75409	131.52656	132.6338	136.57692	145.03866	146.92137	140.93314	142.88063	146.62009	136.28082	128.02871	144.0018	144.82824	152.16266	142.81363	134.44568	153.19884	144.04998	140.35186	n/a	130.41218	n/a	131.40454
alpha_rarefaction_51955_7.txt	51955	7	129.94121	144.06137	138.53595	139.2032	142.63713	133.23893	132.77472	137.21718	146.19022	147.13184	142.14626	142.71349	145.05888	135.60642	128.14375	144.8673	144.54389	153.23593	142.43293	135.4138	151.40026	144.88829	139.31366	n/a	126.92335	n/a	130.9638
alpha_rarefaction_51955_8.txt	51955	8	129.87031	145.61583	138.11033	141.42873	145.0814	134.30663	131.0096	133.23164	145.56414	145.35371	142.86962	142.77703	144.63806	134.9063	127.95802	143.04597	145.0328	152.54115	143.11986	135.51495	151.82325	146.06599	139.30689	n/a	124.94179	n/a	131.89748
alpha_rarefaction_51955_9.txt	51955	9	130.50671	145.0694	138.21571	140.16819	143.34875	132.13843	132.04701	135.82318	146.03501	146.26845	142.79326	142.1176	145.29309	134.99026	127.8647	142.84756	145.08409	154.74166	143.57806	135.21938	150.52351	145.15019	139.25341	n/a	127.51508	n/a	132.41002
alpha_rarefaction_62344_0.txt	62344	0	133.84367	151.0695	n/a	144.78835	152.72506	137.86933	136.09783	143.25741	n/a	152.7447	149.20113	149.68983	150.78345	140.26434	n/a	149.49796	151.81037	159.22789	147.34767	138.52848	160.11932	148.97143	144.80343	n/a	131.41514	n/a	136.4775
alpha_rarefaction_62344_1.txt	62344	1	137.79065	151.31001	n/a	144.24404	148.75886	137.70913	138.17704	141.33178	n/a	154.88321	148.50782	148.55774	151.52183	140.4712	n/a	149.70688	149.83484	160.92247	147.43456	138.44404	159.7091	148.20916	144.97366	n/a	130.2115	n/a	137.35393
alpha_rarefaction_62344_2.txt	62344	2	134.60917	150.40166	n/a	147.17149	150.42094	139.66044	138.14457	142.35417	n/a	152.75347	147.79761	148.6257	150.77066	140.84721	n/a	149.2536	150.94569	160.16174	147.52278	139.97352	158.85574	148.09659	145.79092	n/a	132.12889	n/a	137.07009
alpha_rarefaction_62344_3.txt	62344	3	135.66023	150.8295	n/a	144.2813	148.81418	139.1403	137.90265	142.01628	n/a	152.10685	148.13924	149.30054	150.12161	140.24837	n/a	149.46605	149.36053	161.0875	147.2419	140.3151	159.93621	148.91455	144.9699	n/a	130.4239	n/a	137.12185
alpha_rarefaction_62344_4.txt	62344	4	135.29186	151.81228	n/a	143.27444	150.79855	138.68743	137.75145	141.35416	n/a	152.7582	147.44376	151.22193	151.34872	140.49977	n/a	149.49074	148.68174	160.73815	147.71786	138.74912	158.96537	149.63568	145.2596	n/a	132.13587	n/a	136.69737
alpha_rarefaction_62344_5.txt	62344	5	132.71502	152.26987	n/a	144.08881	149.78845	138.89698	136.57998	143.27219	n/a	154.17006	148.57801	151.03506	151.34794	140.07848	n/a	148.66528	151.20142	160.95183	147.4677	139.35706	159.21377	149.03199	144.29096	n/a	132.32244	n/a	137.5729
alpha_rarefaction_62344_6.txt	62344	6	135.62606	149.69651	n/a	144.5406	148.7434	138.93515	139.38556	142.68061	n/a	151.10093	149.33354	148.32655	152.08325	140.12274	n/a	148.78396	149.48337	160.11775	147.64579	138.24995	159.40441	147.46354	146.06403	n/a	131.93815	n/a	138.03494
alpha_rarefaction_62344_7.txt	62344	7	134.75344	150.38157	n/a	145.47732	150.5378	139.00531	136.88536	142.26295	n/a	151.87119	147.1917	150.9772	152.79307	140.21	n/a	149.90764	151.42187	159.80794	147.44764	139.20698	159.32426	146.37089	144.70584	n/a	130.78564	n/a	137.32193
alpha_rarefaction_62344_8.txt	62344	8	136.91156	151.26914	n/a	144.63312	150.27344	138.22336	141.80597	141.91854	n/a	153.44451	147.90406	148.10169	151.48076	140.15197	n/a	149.3495	150.44917	161.80222	147.25373	140.76438	159.65386	146.00257	144.10653	n/a	131.40174	n/a	136.63891
alpha_rarefaction_62344_9.txt	62344	9	135.35966	151.06451	n/a	143.71452	149.75034	138.66143	136.30872	140.58123	n/a	155.11109	147.44666	150.24032	150.95687	139.99041	n/a	150.21675	148.43869	160.33421	147.53397	139.26685	163.05929	150.48075	143.60268	n/a	130.00658	n/a	136.44773
alpha_rarefaction_72733_0.txt	72733	0	139.49301	156.80344	n/a	149.35195	154.708	142.35351	143.90136	145.35153	n/a	158.01849	151.72054	154.66631	156.25193	n/a	n/a	n/a	155.99595	165.1577	n/a	145.89425	167.73227	152.5389	150.8124	n/a	136.04987	n/a	141.4973
alpha_rarefaction_72733_1.txt	72733	1	140.45807	157.40825	n/a	149.52573	153.99946	144.02675	141.4809	146.90183	n/a	158.17131	152.46365	155.22523	155.9332	n/a	n/a	n/a	152.60997	166.66241	n/a	145.09536	164.20401	154.32927	152.9166	n/a	134.42272	n/a	140.89673
alpha_rarefaction_72733_2.txt	72733	2	139.20251	156.65483	n/a	150.58357	155.1115	143.35057	143.37582	143.88374	n/a	158.5857	152.20913	155.95605	155.51371	n/a	n/a	n/a	153.72658	166.43657	n/a	144.8594	164.14925	154.48159	149.13426	n/a	135.79955	n/a	141.88058
alpha_rarefaction_72733_3.txt	72733	3	139.76902	156.09772	n/a	149.3622	154.02258	142.16187	141.62042	146.47081	n/a	156.43417	152.65613	154.72557	156.15223	n/a	n/a	n/a	154.3717	165.82363	n/a	144.043	163.23508	153.04388	148.28656	n/a	134.87011	n/a	140.59123
alpha_rarefaction_72733_4.txt	72733	4	139.99102	157.96351	n/a	150.44473	156.63857	144.32588	141.70226	148.58914	n/a	160.48484	153.14425	154.99247	156.55985	n/a	n/a	n/a	155.48833	166.2098	n/a	144.62376	163.84375	152.86756	149.55986	n/a	137.03883	n/a	140.70054
alpha_rarefaction_72733_5.txt	72733	5	138.3923	156.77702	n/a	149.96707	155.85709	143.658	141.82017	147.38613	n/a	157.75677	153.65649	153.73967	156.24741	n/a	n/a	n/a	156.00558	166.71398	n/a	145.23251	164.94659	154.15204	151.4392	n/a	134.16263	n/a	140.94928
alpha_rarefaction_72733_6.txt	72733	6	139.42266	157.07759	n/a	150.00696	155.01541	142.91959	144.21691	146.41551	n/a	159.30983	153.26805	154.63847	157.69949	n/a	n/a	n/a	155.68051	164.75473	n/a	143.83037	164.39702	154.66988	149.75875	n/a	136.75966	n/a	142.02943
alpha_rarefaction_72733_7.txt	72733	7	141.02264	156.19033	n/a	150.1923	152.82953	143.33764	142.28486	147.20773	n/a	157.8666	152.35533	153.96334	156.91796	n/a	n/a	n/a	154.84272	166.63171	n/a	145.12158	164.50374	153.31455	149.92591	n/a	137.19972	n/a	140.69812
alpha_rarefaction_72733_8.txt	72733	8	140.09131	156.582	n/a	148.19136	153.97911	141.63784	144.2909	147.23812	n/a	156.48198	152.82568	154.94591	155.27521	n/a	n/a	n/a	155.28021	166.23382	n/a	142.82147	162.84946	152.64056	152.43878	n/a	136.01486	n/a	140.25547
alpha_rarefaction_72733_9.txt	72733	9	139.73517	153.68879	n/a	150.47479	154.7418	144.4391	143.61475	147.66559	n/a	160.04122	151.9488	154.90227	155.30058	n/a	n/a	n/a	155.0785	167.64385	n/a	142.33895	164.2177	153.1275	148.9898	n/a	135.70891	n/a	140.31396
alpha_rarefaction_83122_0.txt	83122	0	143.37789	161.69975	n/a	153.77138	158.20431	147.56916	149.03935	151.49431	n/a	162.94636	156.41818	159.09305	160.10852	n/a	n/a	n/a	159.85045	170.09059	n/a	147.19543	167.64095	156.54547	155.04927	n/a	139.5147	n/a	144.55751
alpha_rarefaction_83122_1.txt	83122	1	143.72073	160.79079	n/a	152.90179	159.48888	147.0419	146.85474	149.7487	n/a	161.99292	156.11627	158.71948	159.78834	n/a	n/a	n/a	158.68134	171.64798	n/a	149.22808	168.69622	157.81783	154.42329	n/a	140.54758	n/a	145.31574
alpha_rarefaction_83122_2.txt	83122	2	143.2098	159.63858	n/a	154.11245	159.67721	146.89103	144.81025	151.00782	n/a	161.88768	155.98103	158.6396	159.1692	n/a	n/a	n/a	158.87403	169.2924	n/a	148.65831	167.91653	159.00678	153.28127	n/a	138.76655	n/a	145.27353
alpha_rarefaction_83122_3.txt	83122	3	143.11933	161.02506	n/a	152.75282	161.06791	147.13516	146.08636	151.0143	n/a	162.90051	157.06084	158.46834	159.99869	n/a	n/a	n/a	160.46801	171.48781	n/a	147.07557	168.94155	158.47267	154.47134	n/a	138.43586	n/a	145.09799
alpha_rarefaction_83122_4.txt	83122	4	144.1895	160.68516	n/a	152.78709	158.87159	146.79835	147.47481	150.38938	n/a	161.63534	156.11674	158.44247	160.0901	n/a	n/a	n/a	157.92699	172.01252	n/a	149.4845	169.45558	158.31721	154.87468	n/a	138.36499	n/a	144.44845
alpha_rarefaction_83122_5.txt	83122	5	142.61893	161.33716	n/a	153.46899	160.98706	146.8444	148.4402	149.40272	n/a	162.8509	156.79542	158.63605	159.63199	n/a	n/a	n/a	158.93593	172.31282	n/a	148.34403	169.33902	157.62412	154.80804	n/a	138.48348	n/a	145.21196
alpha_rarefaction_83122_6.txt	83122	6	143.4415	161.64285	n/a	152.68189	159.11584	147.27534	148.25012	151.3544	n/a	163.56255	156.55668	158.73271	158.41537	n/a	n/a	n/a	158.87448	172.50559	n/a	147.94554	169.10912	157.92927	155.09549	n/a	138.54901	n/a	145.49754
alpha_rarefaction_83122_7.txt	83122	7	142.9955	159.98725	n/a	152.0918	159.17598	146.70738	145.43281	149.38756	n/a	160.06744	156.6646	159.21269	159.35076	n/a	n/a	n/a	160.36047	171.9389	n/a	149.59119	169.13953	159.16074	153.66092	n/a	139.59393	n/a	144.79447
alpha_rarefaction_83122_8.txt	83122	8	142.53898	160.85544	n/a	152.80502	157.93976	146.92804	148.07525	150.46327	n/a	162.18991	156.07445	159.17954	160.22613	n/a	n/a	n/a	158.66901	171.66317	n/a	148.3861	167.92617	157.33338	155.16325	n/a	139.60842	n/a	144.43288
alpha_rarefaction_83122_9.txt	83122	9	143.35729	160.56753	n/a	152.87833	159.44229	147.64628	147.00761	148.94103	n/a	163.68297	155.97936	159.19925	160.85919	n/a	n/a	n/a	159.90476	171.98473	n/a	148.10794	167.81348	158.30392	154.34088	n/a	139.36637	n/a	144.87406
alpha_rarefaction_93511_0.txt	93511	0	145.92722	164.41177	n/a	156.03971	164.32633	149.61013	150.19607	153.54766	n/a	164.23076	160.88506	n/a	163.12963	n/a	n/a	n/a	162.99768	175.66684	n/a	150.51842	171.70694	161.0879	159.30165	n/a	142.10352	n/a	n/a
alpha_rarefaction_93511_1.txt	93511	1	145.88329	164.58248	n/a	156.89289	163.95199	149.45956	150.85352	153.401	n/a	167.21482	159.80484	n/a	163.27664	n/a	n/a	n/a	163.22942	176.3771	n/a	151.91098	172.53056	160.86407	157.59526	n/a	142.503	n/a	n/a
alpha_rarefaction_93511_2.txt	93511	2	146.76023	164.63342	n/a	157.19595	164.26506	150.366	152.04795	154.06688	n/a	166.01284	160.47372	n/a	163.15924	n/a	n/a	n/a	162.01007	174.91158	n/a	152.90401	171.46256	160.52127	157.14711	n/a	142.91593	n/a	n/a
alpha_rarefaction_93511_3.txt	93511	3	147.07451	164.64984	n/a	156.34087	162.47059	149.83147	149.62149	151.80306	n/a	167.14539	159.9625	n/a	163.37002	n/a	n/a	n/a	160.97066	176.63718	n/a	150.69901	172.75217	161.35005	158.05372	n/a	142.5688	n/a	n/a
alpha_rarefaction_93511_4.txt	93511	4	146.6792	164.44	n/a	156.24386	165.79215	149.66917	150.77298	154.46562	n/a	166.64561	160.38162	n/a	162.74294	n/a	n/a	n/a	162.68395	176.29491	n/a	150.61367	173.23783	161.91327	159.67878	n/a	143.50187	n/a	n/a
alpha_rarefaction_93511_5.txt	93511	5	145.85537	164.29204	n/a	156.93946	162.6395	150.35812	151.09486	152.00542	n/a	166.96167	159.92046	n/a	162.92119	n/a	n/a	n/a	163.66619	176.17857	n/a	151.56068	172.76455	159.42163	158.77008	n/a	143.29817	n/a	n/a
alpha_rarefaction_93511_6.txt	93511	6	146.54711	164.68991	n/a	156.74813	162.82004	150.1742	152.84549	154.5649	n/a	167.40438	160.25756	n/a	163.33675	n/a	n/a	n/a	162.29811	174.88599	n/a	151.16402	173.69222	162.19061	155.79453	n/a	142.618	n/a	n/a
alpha_rarefaction_93511_7.txt	93511	7	146.35381	164.5078	n/a	156.88886	162.48328	150.19264	150.7368	152.01544	n/a	167.35412	160.36063	n/a	163.50622	n/a	n/a	n/a	163.80893	175.11605	n/a	152.24761	173.14296	161.28024	160.08277	n/a	141.96357	n/a	n/a
alpha_rarefaction_93511_8.txt	93511	8	146.71897	164.67058	n/a	156.36488	163.47345	150.83685	150.77301	154.68998	n/a	166.33298	160.12563	n/a	163.32321	n/a	n/a	n/a	162.11488	173.68178	n/a	151.55559	172.052	160.67595	157.99715	n/a	142.82669	n/a	n/a
alpha_rarefaction_93511_9.txt	93511	9	146.17185	164.58283	n/a	156.72739	162.61231	150.02792	150.83272	153.86578	n/a	166.15938	160.75708	n/a	163.32425	n/a	n/a	n/a	162.39378	174.11241	n/a	151.93864	174.33468	161.87006	159.15857	n/a	142.03067	n/a	n/a
alpha_rarefaction_103900_0.txt	103900	0	148.73761	167.59126	n/a	n/a	167.20616	n/a	153.94327	157.55102	n/a	169.27987	162.92588	n/a	n/a	n/a	n/a	n/a	168.40567	179.18999	n/a	154.75426	176.96161	163.93743	162.58801	n/a	145.43636	n/a	n/a
alpha_rarefaction_103900_1.txt	103900	1	148.97798	167.59126	n/a	n/a	166.90745	n/a	153.21212	156.30745	n/a	169.00487	162.47588	n/a	n/a	n/a	n/a	n/a	167.82054	180.10875	n/a	154.85092	176.4502	164.68628	162.1605	n/a	145.43926	n/a	n/a
alpha_rarefaction_103900_2.txt	103900	2	149.55751	167.59126	n/a	n/a	167.41579	n/a	153.53877	158.69308	n/a	168.26904	163.55115	n/a	n/a	n/a	n/a	n/a	164.00424	178.00134	n/a	154.27386	176.9507	164.12564	159.93425	n/a	145.5376	n/a	n/a
alpha_rarefaction_103900_3.txt	103900	3	149.1621	167.59126	n/a	n/a	166.85544	n/a	153.55744	158.14394	n/a	170.31588	163.34999	n/a	n/a	n/a	n/a	n/a	166.20255	179.2565	n/a	154.43116	176.01576	164.45229	161.22103	n/a	145.9868	n/a	n/a
alpha_rarefaction_103900_4.txt	103900	4	149.61838	167.59126	n/a	n/a	167.35133	n/a	153.88725	156.71465	n/a	169.62883	163.41277	n/a	n/a	n/a	n/a	n/a	166.36992	178.87579	n/a	154.40016	176.4585	163.94614	161.26858	n/a	144.76524	n/a	n/a
alpha_rarefaction_103900_5.txt	103900	5	149.5034	167.59126	n/a	n/a	167.72413	n/a	153.56643	156.90137	n/a	169.64591	163.05658	n/a	n/a	n/a	n/a	n/a	166.61563	179.65056	n/a	155.03101	173.71575	164.74117	161.34418	n/a	145.71865	n/a	n/a
alpha_rarefaction_103900_6.txt	103900	6	149.47867	167.59126	n/a	n/a	167.20667	n/a	154.38483	157.62576	n/a	169.51042	162.90692	n/a	n/a	n/a	n/a	n/a	166.41075	178.68142	n/a	153.69976	176.85508	164.29356	161.6871	n/a	144.77542	n/a	n/a
alpha_rarefaction_103900_7.txt	103900	7	148.88811	167.59126	n/a	n/a	165.38847	n/a	153.45859	155.46168	n/a	169.73466	163.1249	n/a	n/a	n/a	n/a	n/a	164.96561	178.70095	n/a	154.75242	175.33346	164.52849	161.23458	n/a	144.23735	n/a	n/a
alpha_rarefaction_103900_8.txt	103900	8	149.25737	167.59126	n/a	n/a	167.77186	n/a	153.80957	157.66452	n/a	169.79913	163.31358	n/a	n/a	n/a	n/a	n/a	167.0247	179.49261	n/a	154.9681	176.0151	164.29226	162.1047	n/a	145.2837	n/a	n/a
alpha_rarefaction_103900_9.txt	103900	9	148.9498	167.59126	n/a	n/a	166.4956	n/a	155.0706	158.33409	n/a	170.65531	163.26787	n/a	n/a	n/a	n/a	n/a	167.46986	179.86798	n/a	154.54934	175.92761	163.87679	161.51221	n/a	145.00731	n/a	n/a