# Constructed from biom file
#OTU ID	515rcbc8	515rcbc9	515rcbc10	515rcbc11	515rcbc13	515rcbc14	515rcbc15	515rcbc16	515rcbc17	515rcbc18	515rcbc19	515rcbc21	515rcbc22	515rcbc23	515rcbc24	515rcbc25	515rcbc26	515rcbc27	515rcbc28	515rcbc29	515rcbc31	515rcbc32	515rcbc33	515rcbc34	515rcbc35	515rcbc36	515rcbc37
Unassigned;Other;Other	0.0055283997524	0.00230268600739	0.00216853305408	0.00234982838852	0.00442544254425	0.00356591855151	0.00359832078363	0.00261641763206	0.00333630820815	0.00315932351473	0.00382675033838	0.00594771917899	0.00399280848349	0.00290384238385	0.00262338644761	0.00402558420063	0.00474711397048	0.0028203477141	0.00337136723254	0.0026138060913	0.00204398773607	0.00316832069255	0.00290952674593	0.00335324616772	0.00314840624467	0.00407553665452	0.00294079300004
k__Archaea;p__Crenarchaeota;c__MBGA	6.40355183675e-05	0.0	0.0	0.0	0.0	0.0	0.0	2.59051250699e-05	0.0	0.0	0.0	0.0	0.0	0.0	0.0	7.01321289309e-05	0.0	0.0	0.0	0.0	0.0	9.74867905399e-06	0.0	0.0	0.0	0.0	0.0
k__Archaea;p__Crenarchaeota;c__MCG	0.0	0.0	0.0	0.0	0.0	0.0	0.0	0.0	0.0	0.0	0.0	0.0	0.0	0.0	0.0	0.0	0.0	0.0	0.0	0.0	0.0	0.0	0.0	0.0	0.0	0.0	0.0
k__Archaea;p__Crenarchaeota;c__Thaumarchaeota	0.0114623577878	0.0454056588164	0.014038658177	0.0102966889623	0.0197269726973	0.0251288097109	0.0229309655494	0.0269516921228	0.0323371673075	0.0291125811283	0.017189614864	0.0120062654234	0.0144544128341	0.0294917663203	0.0529477941248	0.00469885263837	0.0595319890748	0.0169349645847	0.0408619250189	0.0277669545641	0.00796595220429	0.00630739534793	0.0161630724602	0.0371393146979	0.0288369947761	0.0045818144998	0.0193831578032
k__Archaea;p__Euryarchaeota;c__Methanobacteria	0.0	2.75770779328e-05	4.93971082933e-06	0.0	0.0	0.0	0.0	0.0	0.0	0.0	1.23046634675e-05	0.0	0.0	2.45049990198e-05	0.0	0.0	0.0	0.0	0.0	0.0	0.0	0.0	0.0	0.0	0.0	0.0	0.0
k__Archaea;p__Euryarchaeota;c__Methanomicrobia	0.0	4.13656168992e-05	0.0	0.0	0.0	0.0	0.0	0.0	0.0	0.0	0.0	0.0	0.0	0.0	0.0	0.0	0.0	0.0	0.0	0.0	0.0	0.0	0.0	0.0	0.0	0.0	0.0
k__Archaea;p__Euryarchaeota;c__Thermoplasmata	0.0	2.75770779328e-05	8.39750840986e-05	0.0	0.0	0.0	0.0	5.18102501399e-06	6.6726164163e-05	6.24063904144e-05	0.0	0.0	0.0	0.0	0.0	0.0	0.000340701959604	0.0	0.0	0.000135290170357	0.0	0.0	0.0	5.63570784491e-05	0.000100267714799	0.0	4.34599950745e-05
k__Archaea;p__[Parvarchaeota];c__[Micrarchaea]	0.0	0.0	0.0	0.0	0.0	0.0	0.0	0.0	0.0	0.0	0.0	0.0	0.0	0.0	0.0	0.0	1.70350979802e-05	0.0	0.0	0.0	0.0	0.0	0.0	0.0	0.0	0.0	0.0
k__Archaea;p__[Parvarchaeota];c__[Parvarchaea]	8.53806911567e-05	2.75770779328e-05	0.0	9.25129286818e-05	1.500150015e-05	7.277384799e-05	2.49883387752e-05	4.66292251259e-05	0.0	7.8007988018e-05	1.84569952012e-05	8.12731813279e-05	5.79961008775e-05	3.67574985297e-05	0.000140625151536	2.10396386793e-05	5.6783659934e-05	0.0	3.18053512503e-05	4.32928545144e-05	6.29996220023e-05	6.82407533779e-05	5.21109267928e-05	9.86248872858e-05	0.0	0.0	0.000492546610845
k__Bacteria;Other;Other	0.0	0.0	0.0	0.0	0.0	0.0	0.0	0.0	0.0	0.0	0.0	0.0	0.0	0.0	0.0	0.0	0.0	0.0	0.0	0.0	6.99995800025e-06	0.0	0.0	0.0	2.00535429597e-05	0.0	0.0
k__Bacteria;p__;c__	0.000128071036735	0.000206828084496	0.000187709011514	0.000222031028836	0.000870087008701	0.000414810933543	0.000174918371427	6.73533251819e-05	0.000100089246245	0.000210621567649	0.000239940937615	0.000199488717805	0.000432740137317	7.35149970594e-05	0.000276401159915	7.01321289309e-05	0.000295275031657	0.000244687701223	0.000469128930943	0.000194817845315	4.89997060018e-05	2.9246037162e-05	0.000182388243775	0.000267696122633	0.000150401572198	2.53138922641e-05	0.000202813310348
k__Bacteria;p__AD3;c__ABS-6	0.000106725863946	0.0	2.9638264976e-05	9.25129286818e-06	0.0	7.277384799e-06	0.0	2.59051250699e-05	0.0	0.0	6.15233173373e-06	0.0	0.0	0.0	0.0	4.90924902516e-05	0.0	0.0	0.0	0.0	0.0	8.77381114859e-05	0.0	0.0	0.0	0.0	0.0
k__Bacteria;p__AD3;c__JG37-AG-4	0.0	0.0	4.93971082933e-06	0.0	0.0	0.0	0.0	1.5543075042e-05	0.0	0.0	0.0	0.0	0.0	0.0	0.0	0.000497938115409	1.13567319868e-05	0.0	0.0	0.0	0.0	6.82407533779e-05	0.0	0.0	0.0	0.0	0.0
k__Bacteria;p__Acidobacteria;Other	0.0	0.0	0.0	0.0	0.0	0.0	0.0	0.0	0.0	0.0	0.0	0.0	0.0	0.0	0.0	0.0	0.0	0.0	0.0	0.0	0.0	0.0	0.0	0.0	0.0	0.0	0.0
k__Bacteria;p__Acidobacteria;c__	0.000234796900681	0.00111687165628	0.00227720669232	0.0006105853293	0.0028202820282	0.00130992926382	0.00146598254148	0.000626904026693	0.00170985795668	0.0069505117324	0.00143349329396	0.00681955876051	0.00179341788867	0.000526857478926	0.00160506638477	8.41585547171e-05	0.00519570488396	0.00104314230522	0.00141533813064	0.00441587116046	0.000300998194011	0.000380198483106	0.000964052145667	0.00384637060415	0.00166444406566	0.000177197245849	0.00102855321676
k__Bacteria;p__Acidobacteria;c__AT-s54	4.26903455783e-05	8.27312337985e-05	6.91559516106e-05	8.32616358136e-05	0.0001800180018	0.000189212004774	0.00020823615646	0.0	0.000233541574571	0.000132613579631	7.38279808047e-05	0.000140380949566	0.000151682109987	7.35149970594e-05	0.000223060585195	3.50660644655e-05	1.70350979802e-05	0.000128783000644	0.00018288076969	2.16464272572e-05	4.89997060018e-05	0.000321706408782	0.000251869479499	0.000112714156898	8.02141718388e-05	7.59416767922e-05	0.000202813310348
k__Bacteria;p__Acidobacteria;c__Acidobacteria-5	0.00510149629661	0.00981743974408	0.00962749640636	0.00532874469207	0.010696069607	0.00834716036445	0.00407309922036	0.00690112531863	0.00333630820815	0.00643565901148	0.00653992863295	0.00870361887311	0.00722274517852	0.00985100960596	0.00474246200696	0.00697814682863	0.00613263527287	0.00471345782357	0.00766508965133	0.00341472389982	0.00666396001624	0.00892979001345	0.00483763103727	0.00414224526601	0.00356953064683	0.00146820575132	0.0044329194976
k__Bacteria;p__Acidobacteria;c__Acidobacteria-6	0.0760101603022	0.0837102200651	0.115411403816	0.0847233400868	0.126102610261	0.0803423281809	0.117545145599	0.0819327295712	0.10931413844	0.1067695332	0.105672449858	0.108152438934	0.100980134105	0.102651440894	0.126722658106	0.0609237804023	0.115458215744	0.138622021893	0.119651731404	0.0961588414832	0.107680353918	0.103306751935	0.0763251374426	0.102020401262	0.10502040448	0.029617253949	0.0916426429472
k__Bacteria;p__Acidobacteria;c__Acidobacteriia	0.0585924993063	0.000455021785892	0.00239082004139	0.00577280674974	0.0001200120012	0.00021832154397	2.49883387752e-05	0.0139939485628	0.000108430016765	7.8007988018e-06	0.00414667158853	2.21654130894e-05	0.000285519265859	0.000428837482847	2.90948589384e-05	0.0667307206778	2.8391829967e-05	9.01481004507e-05	0.000143124080627	0.000952442799316	0.0116479301124	0.0299576907329	0.00174571604756	0.000169071235347	0.000190508658117	0.00101255569056	0.000405626620696
k__Bacteria;p__Acidobacteria;c__BPC102	0.000106725863946	0.00108929457835	0.000592765299519	0.000212779735968	0.000870087008701	0.000640409862312	0.00126607583128	0.000186516900504	0.000633898559549	0.00232463804294	0.000504491202166	0.00293322299883	0.000852096559047	0.000514604979416	0.00142079894483	2.10396386793e-05	0.00338998449806	0.00052801030264	0.000652009700632	0.000925384765244	0.000181998908007	0.000214470939188	0.000547164731325	0.0019584084761	0.0023863716122	0.000151883353584	0.000391139955671
k__Bacteria;p__Acidobacteria;c__DA052	0.0259343849388	0.000565330097623	0.00175853705524	0.00134143746589	0.00043504350435	0.000356591855151	0.000149930032651	0.00410337181108	0.000341971591336	0.000265227159261	0.000498338870432	0.000169934833686	0.000334592889678	0.000318564987257	0.000315194305166	0.0139352540186	0.000193064443776	0.000231809401159	0.000278296823441	0.000546572288244	0.00216998698008	0.00455263311821	0.00138093956001	0.000563570784491	0.000461231488073	0.000278452814905	0.000333193295571
k__Bacteria;p__Acidobacteria;c__EC1113	0.00145147174966	0.00111687165628	0.000548307902055	0.000601334036432	0.0003300330033	0.000349314470352	0.00031651895782	0.000523283526413	0.000408697755499	0.00113891662506	0.000486034206964	0.000347258138401	0.000156143348516	0.000355322485787	0.000397629738825	0.000364687070441	0.000789292873083	0.000231809401159	0.000310102174691	0.000795506201701	0.00054599672402	0.00119908752364	0.000442942877739	0.000788999098287	0.00207554169633	7.59416767922e-05	0.000333193295571
k__Bacteria;p__Acidobacteria;c__GAL08	0.0	0.0	0.0	0.0	0.0	0.0	0.0	0.0	0.0	0.0	0.0	0.0	0.0	0.0	0.0	0.0	2.27134639736e-05	0.0	0.0	0.0	0.0	0.0	0.0	0.0	0.0	0.0	0.0
k__Bacteria;p__Acidobacteria;c__Holophagae	0.0	0.0	0.0	0.0	0.0	0.0	0.0	0.0	0.0	0.0	0.0	0.0	0.0	0.0	0.0	0.0	0.0	0.0	0.0	0.0	1.39999160005e-05	0.0	0.0	0.0	0.0	0.0	0.0
k__Bacteria;p__Acidobacteria;c__PAUC37f	0.000554974492519	0.00358502013127	0.00288479112433	0.000194277150232	0.0030303030303	0.00301283730679	0.00211567934964	0.00147141110397	0.00235209728675	0.00334654268597	0.00217177310201	0.00320659642694	0.00230199908098	0.00238923740443	0.00352047793155	0.000175330322327	0.0101699534942	0.00149388280747	0.00342702659722	0.00377188994956	0.000678995926024	0.000526428668915	0.00308322983524	0.00479035166817	0.00340910230315	0.000177197245849	0.00163699314781
k__Bacteria;p__Acidobacteria;c__RB25	0.000277487246259	0.00158568198114	0.00275635864277	0.000518072400618	0.00844584458446	0.00340581608593	0.00646365029653	0.00121235985327	0.00277747658329	0.00770718921618	0.00225175341454	0.0212861850369	0.00625911765624	0.00120074495197	0.00440787112917	0.000413779560692	0.00716041951768	0.00368319381842	0.00298175167972	0.00299261856831	0.00101499391004	0.000477685273645	0.00344800632279	0.0107078449053	0.00219586295409	0.000303766707169	0.00181083312811
k__Bacteria;p__Acidobacteria;c__S035	0.0	0.00150295074734	0.00103733927416	9.25129286818e-05	0.000810081008101	0.00126626495503	0.00105783967482	0.000321223550867	0.0018016064324	0.00176298052921	0.000744432139781	0.0007684009871	0.000941321329628	0.000183787492649	0.00194450640572	2.80528515724e-05	0.00390671580346	0.000927237604636	0.00137558144158	0.00099573565383	0.000188998866007	5.84920743239e-05	0.000851145137616	0.00250788999098	0.0015942566653	0.000151883353584	0.000854713236466
k__Bacteria;p__Acidobacteria;c__Solibacteres	0.021259792098	0.00406761899509	0.00437164408396	0.00753980368757	0.00340534053405	0.00332576485314	0.00286532951289	0.00832072617247	0.00231039343415	0.00223882925612	0.00748123538821	0.00359818539152	0.00337715756648	0.00665310723388	0.00333136134845	0.0253387381827	0.00237355698524	0.00333547971668	0.0038563988391	0.00393423815399	0.00672695963824	0.0146912593344	0.00508950051677	0.00290238954013	0.00318851333059	0.00526528959093	0.00383896623158
k__Bacteria;p__Acidobacteria;c__Sva0725	0.00200644624218	0.00354365451437	0.00132878221309	0.00161897625193	0.0037203720372	0.0036459697843	0.0021240087959	0.000642447101735	0.00160142793991	0.00368197703445	0.00321151716501	0.00182495234436	0.00184249151249	0.00242599490296	0.00232273957192	0.000315594580189	0.00204421175762	0.00345138441726	0.00216276388502	0.00149360348075	0.000811995128029	0.00255415391214	0.00181519728328	0.00188796212804	0.00361966450423	0.000303766707169	0.00163699314781
k__Bacteria;p__Acidobacteria;c__TM1	0.00548570940682	4.13656168992e-05	6.42162407813e-05	4.62564643409e-05	0.0001200120012	4.3664308794e-05	4.16472312921e-05	0.000160611775434	3.33630820815e-05	9.36095856216e-05	3.69139904024e-05	8.12731813279e-05	4.01511467614e-05	0.0	6.30388610333e-05	0.000547030605661	2.8391829967e-05	0.0	2.38540134378e-05	3.78812477001e-05	2.09998740008e-05	0.000575172064185	8.68515446547e-06	4.22678088368e-05	7.0187400359e-05	5.06277845281e-05	0.0
k__Bacteria;p__Acidobacteria;c__[Chloracidobacteria]	0.0230527866123	0.0576912470355	0.0318413760058	0.030742046201	0.0487398739874	0.0314091927925	0.0279536216432	0.0288220421528	0.0238045590652	0.0390507988018	0.0416574381691	0.0385530418335	0.0410389332286	0.0485321505587	0.0351805335997	0.0386638426796	0.0431328680859	0.0248164842241	0.0403609907367	0.0307541615256	0.027390835655	0.0288170952836	0.0291473783861	0.0374070108206	0.103335906871	0.0074675982179	0.0363760158774
k__Bacteria;p__Acidobacteria;c__iii1-8	0.003948856966	0.00301969003364	0.00189684895846	0.00247934648867	0.0040204020402	0.00237242744447	0.00513093889518	0.000979213727644	0.00205182954801	0.00358836744883	0.00217792543374	0.00455868662539	0.0030113360071	0.00313663987453	0.00373868937359	0.00283333800881	0.00286757482667	0.00242112041211	0.00164592692721	0.00306296945689	0.000797995212029	0.00319756672971	0.00338721024153	0.0036772993688	0.00422127079302	0.000430336168489	0.00798215242869
k__Bacteria;p__Actinobacteria;Other	0.0	0.0	0.0	0.0	0.0	2.9109539196e-05	1.66588925168e-05	0.0	0.0	0.0	0.0	0.0	0.0	1.22524995099e-05	0.0	0.0	5.6783659934e-06	0.0	0.0	0.0	0.0	0.0	0.0	0.0	0.0	0.0	0.0
k__Bacteria;p__Actinobacteria;c__Acidimicrobiia	0.00979743431023	0.0165186696818	0.020751725194	0.0141267242097	0.0154065406541	0.0130483509446	0.0424801759179	0.0145949474644	0.0296264168884	0.0310081752371	0.00989910175957	0.0201409720272	0.0177557293456	0.0160630268575	0.0207009921347	0.0113614048868	0.0221967326682	0.027804249839	0.0152109092355	0.0220685325887	0.00897394615632	0.00873481643237	0.0216086643101	0.0305455365194	0.0165040658558	0.00356925880923	0.0208318243057
k__Bacteria;p__Actinobacteria;c__Actinobacteria	0.0370338747892	0.0427444707959	0.0338962957108	0.0353954465137	0.0242724272427	0.0353171484295	0.0507429866063	0.0461111226245	0.0517377995379	0.0368743759361	0.0396394733604	0.0228451524242	0.0375770121301	0.0373823760047	0.0367613542687	0.0429839818218	0.0229576337113	0.0380940115905	0.031948475331	0.0537318440591	0.0324098055412	0.0277642379458	0.037858588315	0.0282067177638	0.0217580941113	0.148238153098	0.0444595749612
k__Bacteria;p__Actinobacteria;c__Coriobacteriia	0.0	0.0	0.0	0.0	0.0	0.0	0.0	0.0	0.0	0.0	0.0	0.0	0.0	0.0	9.69828631281e-06	0.0	0.0	0.0	0.0	0.0	0.0	0.0	0.0	0.0	0.0	0.0	0.0
k__Bacteria;p__Actinobacteria;c__KIST-JJY010	0.0	0.0	0.0	0.0	0.0	0.0	0.0	0.0	0.0	7.8007988018e-06	0.0	0.0	0.0	0.0	0.0	0.0	0.0	0.0	0.0	0.0	0.0	0.0	0.0	0.0	0.0	0.0	0.0
k__Bacteria;p__Actinobacteria;c__MB-A2-108	0.000832461738778	0.0125475704594	0.0129173438187	0.00139694522309	0.00771077107711	0.0117820859896	0.029911041514	0.000906679377448	0.0254143277756	0.0179340364453	0.00454657315122	0.00888833064886	0.0121122626063	0.0043373848265	0.0134951654043	0.000834572334278	0.0173246946459	0.0115132002576	0.00853178547291	0.0141946446739	0.00173598958406	0.000965119226345	0.0173703089309	0.0209084761046	0.00723932900845	0.000911300121507	0.00689565255183
k__Bacteria;p__Actinobacteria;c__Nitriliruptoria	0.0	0.0	1.97588433173e-05	0.0	1.500150015e-05	5.0941693593e-05	6.66355700673e-05	0.0	5.00446231223e-05	3.12031952072e-05	0.0	0.0	4.46123852904e-06	0.0	9.69828631281e-06	0.0	5.11052939406e-05	0.0	0.0	0.0	0.0	0.0	0.0	0.0	1.00267714799e-05	0.0	1.44866650248e-05
k__Bacteria;p__Actinobacteria;c__OPB41	0.0	1.37885389664e-05	0.0	0.0	0.0	0.0	1.66588925168e-05	0.0	8.34077052038e-06	0.0	0.0	0.0	0.0	0.0	4.8491431564e-06	7.01321289309e-06	5.6783659934e-06	0.0	1.59026756252e-05	5.4116068143e-06	0.0	0.0	0.0	0.0	0.0	0.0	0.0
k__Bacteria;p__Actinobacteria;c__Rubrobacteria	2.13451727892e-05	0.00368153990403	0.00100770100918	0.00010176422155	0.00130513051305	0.00181206881495	0.0013410408476	0.00117091165316	0.00296931430526	0.00219202446331	0.00131659899102	0.00127081701713	0.00136513898989	0.00128651244854	0.00296282646856	7.01321289309e-06	0.00386128887551	0.00122343850612	0.00143919214408	0.000963266012945	0.000454997270016	1.9497358108e-05	0.00092062637334	0.00324053201082	0.00153409603642	2.53138922641e-05	0.000564979935969
k__Bacteria;p__Actinobacteria;c__Thermoleophilia	0.0518047343593	0.0606282058353	0.0595729126017	0.0640281979407	0.0381938193819	0.065678397811	0.137019390951	0.058514496508	0.109038893013	0.0774619321018	0.029758828596	0.0394692122412	0.0628186997274	0.0474416781023	0.0639117068014	0.101144556344	0.0520365459635	0.0727752736639	0.0611457877788	0.0796101478451	0.0444707331756	0.052360155199	0.0793475711966	0.0896922903517	0.0561098132012	0.0144289185905	0.0693042054789
k__Bacteria;p__Armatimonadetes;c__0319-6E2	0.000384213110205	0.000427444707959	0.00021734727649	0.000231282321704	0.0003900390039	0.000422088318342	0.000608049576864	0.000222784075602	0.000558831624866	0.000647466300549	0.000498338870432	0.000288150370162	0.00041935642173	0.000318564987257	0.000533405747204	0.000126237832076	0.000953965486891	0.000386349001932	0.000516836957818	0.0002651687339	0.000202998782007	0.000448439236483	0.00036477648755	0.000591749323715	0.000621659831751	0.000253138922641	0.00042011328572
k__Bacteria;p__Armatimonadetes;c__Armatimonadia	0.000192106555103	0.0	9.87942165866e-06	5.55077572091e-05	3.00030003e-05	7.277384799e-06	1.66588925168e-05	9.32584502518e-05	0.0	3.12031952072e-05	3.07616586686e-05	5.91077682384e-05	6.69185779356e-05	6.12624975495e-05	2.4245715782e-05	0.000231436025472	0.0	0.0	7.95133781259e-06	1.62348204429e-05	2.09998740008e-05	4.87433952699e-05	8.68515446547e-06	2.81785392245e-05	0.0	0.0	2.89733300497e-05
k__Bacteria;p__Armatimonadetes;c__Chthonomonadetes	0.000490938974151	0.000165462467597	4.93971082933e-06	8.32616358136e-05	0.0001500150015	8.7328617588e-05	3.33177850337e-05	0.000113982550308	5.00446231223e-05	0.000288629555667	0.000159960625077	0.000103438594417	0.000169527064104	1.22524995099e-05	0.000179418296787	0.000750413779561	0.000198742809769	1.28783000644e-05	7.15620403133e-05	6.49392817715e-05	5.5999664002e-05	0.000760396966211	0.000147647625913	0.000112714156898	0.000300803144396	2.53138922641e-05	0.000304219965522
k__Bacteria;p__Armatimonadetes;c__OPB50	8.53806911567e-05	0.0	0.0	0.0	0.0	0.0	0.0	2.59051250699e-05	0.0	0.0	4.30663221361e-05	0.0	0.0	0.0	0.0	3.50660644655e-05	0.0	0.0	0.0	1.08232136286e-05	3.49997900013e-05	2.9246037162e-05	0.0	0.0	0.0	0.0	1.44866650248e-05
k__Bacteria;p__Armatimonadetes;c__SHA-37	0.0	0.0	0.0	0.0	0.0	0.0	0.0	0.0	0.0	0.0	2.46093269349e-05	0.0	0.0	0.0	0.0	0.0	0.0	0.0	0.0	0.0	6.99995800025e-06	0.0	0.0	0.0	0.0	0.0	0.0
k__Bacteria;p__Armatimonadetes;c__SJA-176	0.0	0.0	0.0	0.0	0.0	0.0	0.0	5.18102501399e-06	0.0	7.8007988018e-06	0.0	0.0	0.0	0.0	0.0	7.01321289309e-06	1.70350979802e-05	0.0	0.0	0.0	2.09998740008e-05	0.0	0.0	0.0	0.0	0.0	0.0
k__Bacteria;p__Armatimonadetes;c__[Fimbriimonadia]	0.00106725863946	0.000482598863824	7.90353732692e-05	0.000582831450695	0.0004200420042	0.000458475242337	0.000399813420404	0.000678714276833	0.000333630820815	0.000468047928108	0.00101513473606	0.000221654130894	0.000276596788801	0.000465594981376	0.000586746321925	0.00115016691447	0.000198742809769	0.000154539600773	0.000365761539379	0.000108232136286	0.000615996304022	0.00104310865878	0.000277924942895	0.000464945897205	0.0012934535209	0.000455650060753	0.000709846586217
k__Bacteria;p__BHI80-139;c__	0.000106725863946	2.75770779328e-05	9.87942165866e-06	3.70051714727e-05	9.00090009001e-05	0.000101883387186	0.000149930032651	2.59051250699e-05	6.6726164163e-05	7.8007988018e-05	0.000178417620278	5.17192972086e-05	9.36860091098e-05	2.45049990198e-05	3.39440020948e-05	9.81849805033e-05	9.08538558944e-05	0.00011590470058	0.000135172742814	5.4116068143e-05	2.7999832001e-05	3.8994716216e-05	6.07960812583e-05	7.04463480613e-05	6.01606288791e-05	0.0	0.000115893320199
k__Bacteria;p__BRC1;c__NPL-UPA2	0.0	0.0	0.0	0.0	0.0	0.0	0.0	0.0	0.0	0.0	0.0	2.21654130894e-05	0.0	0.0	0.0	0.0	0.0	0.0	0.0	0.0	0.0	0.0	0.0	0.0	0.0	0.0	0.0
k__Bacteria;p__BRC1;c__PRR-11	0.000320177591838	0.000675638409354	0.00021734727649	0.000397805593332	0.0001500150015	0.000378424009548	0.000224895048977	0.000362671750979	0.000175156180928	0.000241824762856	0.000369139904024	0.000199488717805	0.000236445642039	0.00101695745932	0.000281250303071	0.000413779560692	0.000158994247815	0.000283322601417	0.000556593646881	0.000173171418057	0.00027999832001	0.000233968297296	0.000303980406292	0.000169071235347	8.02141718388e-05	0.000936614013771	0.000376653290646
k__Bacteria;p__Bacteroidetes;Other	0.0	2.75770779328e-05	2.46985541466e-05	0.0	0.0	0.0	0.0	0.0	1.66815410408e-05	0.0	0.0	7.38847102981e-06	0.0	0.0	4.8491431564e-06	0.0	0.0	0.0	0.0	1.62348204429e-05	0.0	0.0	0.0	0.0	0.0	0.00012656946132	1.44866650248e-05
k__Bacteria;p__Bacteroidetes;c__	2.13451727892e-05	1.37885389664e-05	0.0	0.0	0.0	7.277384799e-06	0.0	0.0	8.34077052038e-06	3.12031952072e-05	4.30663221361e-05	2.95538841192e-05	0.0	7.35149970594e-05	4.8491431564e-06	0.0	1.70350979802e-05	3.86349001932e-05	2.38540134378e-05	5.4116068143e-06	2.09998740008e-05	0.0	0.0	0.0	5.01338573993e-05	7.59416767922e-05	0.0
k__Bacteria;p__Bacteroidetes;c__At12OctB3	0.000192106555103	0.000179251006563	4.93971082933e-05	0.000222031028836	0.00013501350135	5.8219078392e-05	1.66588925168e-05	0.000466292251259	2.50223115611e-05	3.9003994009e-05	9.22849760059e-05	2.21654130894e-05	8.03022935227e-05	0.000147029994119	3.87931452512e-05	0.000105198193396	3.97485619538e-05	3.86349001932e-05	2.38540134378e-05	9.74089226573e-05	0.000111999328004	6.82407533779e-05	8.68515446547e-05	8.45356176736e-05	0.0	7.59416767922e-05	0.000130379985224
k__Bacteria;p__Bacteroidetes;c__BME43	2.13451727892e-05	0.0	0.0	2.77538786045e-05	1.500150015e-05	0.0	0.0	1.5543075042e-05	0.0	0.0	9.84373077396e-05	6.64962392682e-05	8.92247705808e-06	1.22524995099e-05	1.45474294692e-05	0.0	0.0	0.0	7.95133781259e-06	2.16464272572e-05	1.39999160005e-05	0.0	0.0	4.22678088368e-05	0.0	2.53138922641e-05	0.0
k__Bacteria;p__Bacteroidetes;c__Bacteroidia	2.13451727892e-05	5.51541558656e-05	0.0	8.32616358136e-05	0.0001200120012	8.7328617588e-05	9.9953355101e-05	5.18102501399e-06	6.6726164163e-05	7.02071892162e-05	1.84569952012e-05	0.000140380949566	3.56899082323e-05	3.67574985297e-05	0.000101832006284	0.000189356748113	0.000130602417848	1.28783000644e-05	0.0	6.49392817715e-05	1.39999160005e-05	1.9497358108e-05	0.0	8.45356176736e-05	9.02409433187e-05	5.06277845281e-05	7.24333251242e-05
k__Bacteria;p__Bacteroidetes;c__Cytophagia	0.0185916454994	0.0252743919254	0.0394633498155	0.022878447263	0.0217071707171	0.0220577533258	0.0110531751849	0.020014299629	0.0174739142402	0.0108041063405	0.019293712317	0.018840601126	0.0177245006759	0.0521711429132	0.0130393459476	0.0129463910006	0.00900021009954	0.019394719897	0.0224307239693	0.0194006104292	0.0146509120945	0.0138431242567	0.013583581584	0.00951025698828	0.00941513841958	0.0519187930336	0.0290167900448
k__Bacteria;p__Bacteroidetes;c__Flavobacteriia	0.00288159832654	0.00599801445039	0.0068711377636	0.00514371883471	0.00994599459946	0.0102028934882	0.00453954821083	0.00737259859491	0.00422877065383	0.00416562656016	0.00539559493048	0.00808298730661	0.00607174563802	0.00770682219173	0.00326832248742	0.00798103627234	0.00386696724151	0.0119639407598	0.00634516757444	0.0193302595407	0.00592896442621	0.00258339994931	0.00371724611122	0.00508622633003	0.00174465823749	0.0171881328473	0.00441843283258
k__Bacteria;p__Bacteroidetes;c__SM1A07	0.0	0.0	0.0	0.0	7.50075007501e-05	0.0	0.0	0.0	0.0	0.0	0.0	0.0	0.0	0.0	0.0	0.0	0.0	0.0	0.0	0.0	0.0	0.0	0.0	0.0	0.0	0.0	0.0
k__Bacteria;p__Bacteroidetes;c__Sphingobacteriia	0.00990416017418	0.013967789973	0.00935581231075	0.0168651068987	0.012901290129	0.0184117835415	0.00642200306524	0.0179211655234	0.00799879892905	0.00800361957064	0.0147902054879	0.0119176037711	0.0119338130652	0.0153156243874	0.00683729185053	0.0156043986871	0.00544555298767	0.013200257566	0.0124517950145	0.0107149814923	0.0114099315404	0.0105285733783	0.0100313534076	0.00803088367899	0.00451204716593	0.0967496962333	0.0121832852859
k__Bacteria;p__Bacteroidetes;c__VC2_1_Bac22	0.0	2.75770779328e-05	1.4819132488e-05	3.70051714727e-05	9.00090009001e-05	7.277384799e-05	4.99766775505e-05	2.0724100056e-05	0.000100089246245	8.58087868198e-05	4.30663221361e-05	0.000110827065447	8.92247705808e-05	7.35149970594e-05	4.36422884076e-05	7.01321289309e-06	5.6783659934e-06	1.28783000644e-05	0.000159026756252	2.16464272572e-05	7.69995380028e-05	6.82407533779e-05	2.60554633964e-05	0.0	4.01070859194e-05	2.53138922641e-05	7.24333251242e-05
k__Bacteria;p__Bacteroidetes;c__[Rhodothermi]	0.0	2.75770779328e-05	4.93971082933e-06	2.77538786045e-05	0.0	0.0	0.0	5.18102501399e-06	0.0	7.8007988018e-06	0.0	0.0	0.0	2.45049990198e-05	0.0	0.0	0.0	0.0	0.0	0.0	0.0	0.0	0.0	0.0	1.00267714799e-05	0.0	0.0
k__Bacteria;p__Bacteroidetes;c__[Saprospirae]	0.0383145851566	0.0439578622249	0.0392707010932	0.0511966547325	0.0493849384938	0.0555846650948	0.0248800559739	0.0565664311027	0.0298182546104	0.0273730029955	0.05489725606	0.036439939119	0.0433766222179	0.0666658498334	0.0316891505271	0.0487488428199	0.019755035291	0.0395363811977	0.0433984017811	0.0402785895188	0.0602976382142	0.0404960127903	0.0368684807059	0.0292352344454	0.0141477745581	0.0528300931551	0.047212041316
k__Bacteria;p__Chlamydiae;c__Chlamydiia	0.000896497257145	0.00129612266284	0.00166962226031	0.00152646332325	0.0004800480048	0.000334759700754	0.00047477843673	0.00244026278159	0.000533809313304	0.000624063904144	0.00123661867848	0.000642796979593	0.000468430045549	0.000967947461282	0.000436422884076	0.00129744438522	0.00124356215255	0.00073406310367	0.000866695821572	0.000979500833387	0.00136499181005	0.00123808223986	0.000877200601013	0.00152164111812	0.000972596833546	0.000911300121507	0.00101406655174
k__Bacteria;p__Chlorobi;Other	0.0	0.0	0.0	0.0	0.0	0.0	0.0	1.0362050028e-05	0.0	0.0	0.0	0.0	0.0	0.0	0.0	0.0	0.0	0.0	0.0	0.0	0.0	0.0	0.0	0.0	0.0	0.0	0.0
k__Bacteria;p__Chlorobi;c__	0.000619010010886	0.00034471347416	0.000242045830637	0.000323795250386	0.00010501050105	0.000400256163945	0.000124941693876	0.000657990176777	0.000183496951448	0.00017161757364	0.000166112956811	2.21654130894e-05	0.00028105802733	0.000343069986277	2.90948589384e-05	0.00100288944371	5.11052939406e-05	0.00011590470058	3.18053512503e-05	0.000146113383986	0.000615996304022	0.000399695841214	0.000208443707171	0.000267696122633	5.01338573993e-05	0.00012656946132	0.000651899926118
k__Bacteria;p__Chlorobi;c__BSV26	0.0	6.89426948321e-05	9.38545057572e-05	2.77538786045e-05	0.00103510351035	8.7328617588e-05	3.33177850337e-05	0.0	9.17484757242e-05	0.000202820768847	6.7675649071e-05	0.000265984957073	0.000169527064104	0.0	7.75862905025e-05	0.0	0.000181707711789	0.000296200901481	7.15620403133e-05	3.78812477001e-05	1.39999160005e-05	0.0	8.68515446547e-06	0.000422678088368	0.000120321257758	0.0	0.000202813310348
k__Bacteria;p__Chlorobi;c__Ignavibacteria	0.0	0.0	0.0	0.0	0.0	0.0	0.0	0.0	0.0	0.0	0.0	0.0	0.0	0.0	0.0	0.0	0.0	0.0	0.0	0.0	0.0	0.0	0.0	0.0	0.0	0.0	2.89733300497e-05
k__Bacteria;p__Chlorobi;c__OPB56	0.00025614207347	0.000220616623463	0.000133372192392	0.000166523271627	0.00010501050105	0.000269263237563	0.00015825947891	4.66292251259e-05	0.000100089246245	0.000156015976036	0.000104589639473	8.86616523577e-05	0.000124914678813	0.000134777494609	0.000155172581005	3.50660644655e-05	2.27134639736e-05	9.01481004507e-05	7.15620403133e-05	7.57624954001e-05	0.00027299836201	4.87433952699e-05	0.000121592162517	8.45356176736e-05	0.000120321257758	0.000860672336979	0.000811253241391
k__Bacteria;p__Chlorobi;c__SJA-28	8.53806911567e-05	0.000482598863824	0.000691559516106	0.000573580157827	0.000675067506751	0.000705906325503	0.000424801759179	0.000367852775993	0.000241882345091	0.000600661507738	0.000473729543497	0.000871839581517	0.000865480274634	0.00155606743776	0.0003782331662	0.000315594580189	0.000306631763644	0.00100450740502	0.000747425754383	0.0001515249908	0.000244998530009	0.000136481506756	0.000547164731325	0.000366321009919	0.000120321257758	2.53138922641e-05	0.000550493270944
k__Bacteria;p__Chloroflexi;Other	0.0	0.0	0.0	0.0	0.0	0.0	0.0	0.0	0.0	0.0	0.0	7.38847102981e-06	0.0	0.0	0.0	0.0	5.6783659934e-06	0.0	7.95133781259e-06	0.0	0.0	0.0	0.0	0.0	0.0	0.0	0.0
k__Bacteria;p__Chloroflexi;c__	0.0	0.000110308311731	9.38545057572e-05	3.70051714727e-05	0.0	2.1832154397e-05	0.000116612247618	4.66292251259e-05	5.83853936427e-05	0.000241824762856	3.69139904024e-05	1.47769420596e-05	3.56899082323e-05	6.12624975495e-05	8.72845768153e-05	0.0	9.65322218878e-05	7.72698003863e-05	6.36107025007e-05	0.000124466956729	3.49997900013e-05	0.0	6.07960812583e-05	4.22678088368e-05	7.0187400359e-05	2.53138922641e-05	2.89733300497e-05
k__Bacteria;p__Chloroflexi;c__Anaerolineae	0.00407692800273	0.00679774971044	0.00487055487772	0.00245159261007	0.00547554755476	0.00413355456583	0.0052475511428	0.00260605558204	0.00408697755499	0.0103984648028	0.00612772240679	0.00861495722075	0.00465753302432	0.00421485983141	0.00829203479745	0.00302269475692	0.00856297591805	0.00269156471346	0.00409493897348	0.00401541225621	0.00235198588808	0.00397746105403	0.00355222817638	0.00663604598738	0.00367982513311	0.00286046982584	0.00486751944835
k__Bacteria;p__Chloroflexi;c__C0119	0.000149416209524	8.27312337985e-05	2.9638264976e-05	1.85025857364e-05	0.0001500150015	0.000152825080779	0.000241553941494	0.000139887675378	0.000191837721969	7.02071892162e-05	0.000252245601083	8.12731813279e-05	0.000165065825574	9.80199960792e-05	0.000252155444133	0.000911717676102	0.000130602417848	9.01481004507e-05	0.000135172742814	0.0001136437431	0.000293998236011	9.74867905399e-06	0.000121592162517	9.86248872858e-05	0.0	0.000227825030377	0.000173839980298
k__Bacteria;p__Chloroflexi;c__Chloroflexi	0.000320177591838	0.00153052782527	0.00109167609328	0.000453313350541	0.000600060006001	0.000975169563066	0.00109115745985	0.000357490725965	0.00066726164163	0.00204380928607	0.000799803125385	0.000672350863712	0.00103946857727	0.000686139972554	0.00150323437849	0.000701321289309	0.0010334626108	0.000515132002576	0.00116884665845	0.000838799056216	0.000293998236011	0.000857883756751	0.000981422454598	0.00115532010821	0.00065174014619	0.000430336168489	0.000666386591143
k__Bacteria;p__Chloroflexi;c__Ellin6529	0.0068944908109	0.0105895979262	0.0164541767725	0.0102411812051	0.00865586558656	0.0110761796641	0.0312770707003	0.00845025179782	0.023512632097	0.0213741887169	0.0098498831057	0.0128116087657	0.0134238667339	0.00862575965497	0.0139121917157	0.00779869273712	0.0135883298222	0.016999356085	0.0107899654117	0.0179124185553	0.0101849388904	0.0081986390844	0.0163715161674	0.0170339269612	0.0121023131762	0.00291109761037	0.017485404685
k__Bacteria;p__Chloroflexi;c__Gitt-GS-136	0.000640355183675	0.00332303789091	0.00270202182364	0.00117491419426	0.00259525952595	0.00155736034699	0.00886253081895	0.00115536857812	0.00860767517703	0.00320612830754	0.00127968500062	0.0046104059226	0.00226630917275	0.0014825524407	0.00293373160962	5.61057031447e-05	0.00345812488998	0.00377334191887	0.00166182960283	0.00383141762452	0.000447997312016	8.77381114859e-05	0.0019107339824	0.00500169071235	0.00256685349884	0.000379708383961	0.00224543307885
k__Bacteria;p__Chloroflexi;c__Ktedonobacteria	0.007492155649	5.51541558656e-05	0.00043963426381	0.000536574986354	3.00030003e-05	2.1832154397e-05	1.66588925168e-05	0.000300499450811	2.50223115611e-05	6.24063904144e-05	0.000116894302941	0.0	4.01511467614e-05	4.90099980396e-05	4.8491431564e-06	0.00330322327265	0.000181707711789	0.0	7.95133781259e-06	8.11741022144e-05	0.000734995590026	0.00114059544932	8.68515446547e-05	1.40892696123e-05	4.01070859194e-05	7.59416767922e-05	5.79466600994e-05
k__Bacteria;p__Chloroflexi;c__P2-11E	6.40355183675e-05	0.000248193701395	0.000192648722344	4.62564643409e-05	1.500150015e-05	7.277384799e-06	0.0	6.21723001679e-05	0.000175156180928	0.000179418372441	6.15233173373e-05	2.21654130894e-05	2.67674311742e-05	2.45049990198e-05	1.45474294692e-05	7.01321289309e-06	0.000164672613809	6.4391500322e-05	0.0	0.000351754442929	1.39999160005e-05	9.74867905399e-06	0.000104221853586	5.63570784491e-05	0.0011931858061	5.06277845281e-05	0.000260759970447
k__Bacteria;p__Chloroflexi;c__S085	0.00320177591838	0.00432960123545	0.00573500427285	0.00241458743859	0.00202520252025	0.00225598928769	0.00389818084894	0.00232628023128	0.00549656777293	0.00688030454319	0.00275009228498	0.00421142848699	0.00215477820953	0.00256077239757	0.00283189960334	0.00199876567453	0.00785318016887	0.00435286542176	0.00266369816722	0.00339848907938	0.00323398059612	0.00192048977364	0.00215391830744	0.00394499549143	0.00516378731212	0.00136695018226	0.00246273305422
k__Bacteria;p__Chloroflexi;c__SAR202	0.0	0.000372290552093	0.000503850504591	1.85025857364e-05	9.00090009001e-05	4.3664308794e-05	2.49883387752e-05	2.0724100056e-05	6.6726164163e-05	7.8007988018e-05	0.000110741971207	0.000147769420596	3.12286697033e-05	8.57674965693e-05	6.30388610333e-05	1.40264257862e-05	0.000227134639736	5.15132002576e-05	3.97566890629e-05	0.000108232136286	2.09998740008e-05	2.9246037162e-05	0.0	9.86248872858e-05	0.000621659831751	0.0	7.24333251242e-05
k__Bacteria;p__Chloroflexi;c__SHA-26	2.13451727892e-05	1.37885389664e-05	9.38545057572e-05	0.0	0.0	0.0	0.0	5.18102501399e-06	7.50669346834e-05	1.56015976036e-05	3.07616586686e-05	0.0	1.33837155871e-05	0.0	1.45474294692e-05	2.10396386793e-05	5.6783659934e-06	1.28783000644e-05	0.0	2.16464272572e-05	6.99995800025e-06	9.74867905399e-06	2.60554633964e-05	2.81785392245e-05	3.00803144396e-05	0.0	1.44866650248e-05
k__Bacteria;p__Chloroflexi;c__TK10	0.0029669790177	0.00534995311897	0.00593259270602	0.00401506110479	0.00202520252025	0.00277996099322	0.00394815752649	0.00469918968769	0.00526302619836	0.00431384173739	0.00293466223699	0.00243819543984	0.00285965389711	0.00384728484611	0.00207543327094	0.00590512525598	0.00378179175161	0.00367031551835	0.00365761539379	0.00484879970561	0.00425597446415	0.00400670709119	0.00369987580229	0.00226837240757	0.00275736215696	0.00217699473471	0.00278143968477
k__Bacteria;p__Chloroflexi;c__TK17	0.00166492347756	0.00118581435111	0.0016844413928	0.000749354722322	0.0012901290129	0.000647687247111	0.000916239088425	0.000642447101735	0.000992551691925	0.000959498252621	0.000781346130183	0.000975278175934	0.000655802063769	0.00112722995491	0.000475216029328	0.00126237832076	0.000653012089241	0.00172569220863	0.000771279767821	0.000519514254172	0.000818995086029	0.00102361130067	0.000564535040256	0.000690374211001	0.00106283777686	0.000734102875658	0.000912659896565
k__Bacteria;p__Chloroflexi;c__Thermomicrobia	0.00187837520545	0.00495008548894	0.00307743984667	0.00304367535363	0.00139513951395	0.00151369603819	0.0016825481442	0.00294800323296	0.00385343598042	0.00209841487768	0.00238710471269	0.0011895438358	0.00134283279724	0.00452117231915	0.00194450640572	0.00154992004937	0.00211803051554	0.00233097231165	0.00339522124597	0.00278697750936	0.00165899004606	0.00240792372634	0.00184993790115	0.00154981965735	0.00232621098333	0.000885986229243	0.00288284633994
k__Bacteria;p__Cyanobacteria;c__	0.0	0.0	0.0	0.0	0.0	0.0	0.0	0.0	1.66815410408e-05	0.0	0.0	0.0	0.0	0.0	0.0	0.0	0.0	0.0	0.0	0.0	0.0	0.0	0.0	0.0	0.0	0.0	0.0
k__Bacteria;p__Cyanobacteria;c__4C0d-2	0.00051228414694	0.000606695714522	0.000311201782248	0.000943631872554	0.0013501350135	0.00206677728292	0.000774638502032	0.000575093776553	0.000408697755499	0.000460247129306	0.00146425495263	0.000790566400189	0.00143205756782	0.000943442462262	0.000659483469271	0.00102392908239	0.00053376640338	0.000785576303928	0.000850793145947	0.000984912440202	0.000622996262022	0.00104310865878	0.000937996682271	0.000774909828674	0.000932489747626	0.0012656946132	0.00114444653696
k__Bacteria;p__Cyanobacteria;c__Chloroplast	0.000576319665308	0.00212343500083	0.000479151950445	0.000481067229145	0.000720072007201	0.00263441329724	0.000383154527887	0.000160611775434	0.00105093708557	0.00150555416875	0.00159960625077	0.00155157891626	0.00167296444839	0.00275681238973	0.00531951004258	0.00120627261761	0.000255526469703	0.00052801030264	0.00267960084284	0.0026895685867	0.000503996976018	0.00253465655404	0.00108564430818	0.00486079801623	0.000360963773275	0.000506277845281	0.00131828651726
k__Bacteria;p__Cyanobacteria;c__ML635J-21	0.000362867937416	0.000151673928631	4.93971082933e-06	0.000656841793641	0.0003900390039	0.000465752627136	0.000333177850337	0.00018133587549	0.000233541574571	0.00017161757364	0.000375292235757	0.000177323304715	0.000285519265859	0.000612624975495	0.0003782331662	0.000266502089937	0.000204421175762	0.000399227301996	0.000318053512503	0.000221875879386	0.000139999160005	0.000233968297296	0.000303980406292	0.000183160504959	5.01338573993e-05	0.000202511138113	0.000811253241391
k__Bacteria;p__Cyanobacteria;c__Nostocophycideae	0.0	0.0	0.0	0.0	0.0	0.0	2.49883387752e-05	0.0	3.33630820815e-05	0.0	0.0	8.12731813279e-05	0.0	0.0	0.00024245715782	0.0	5.6783659934e-06	0.0	0.0	5.4116068143e-06	0.0	0.0	0.0	8.45356176736e-05	0.0	0.0	0.0
k__Bacteria;p__Cyanobacteria;c__Oscillatoriophycideae	0.0	8.27312337985e-05	0.0	0.0	0.0	0.0	0.0	0.0	0.000150133869367	0.000195019970045	0.0	0.0	0.0	0.0	0.000407328025138	1.40264257862e-05	0.0	0.0	0.0	0.000221875879386	1.39999160005e-05	0.0	3.47406178619e-05	8.45356176736e-05	0.0	0.0	0.0
k__Bacteria;p__Cyanobacteria;c__Synechococcophycideae	0.0	0.0	0.0	0.0	0.0	0.0	0.0	0.0	0.0	0.0	0.0	0.0	0.0	0.0	6.30388610333e-05	0.0	0.0	0.0	0.0	0.0	0.0	0.0	2.60554633964e-05	0.0	0.0	0.0	0.0
k__Bacteria;p__Elusimicrobia;c__	0.0	0.0	0.0	0.0	0.0	0.0	0.0	0.0	0.0	0.0	0.0	0.0	0.0	0.0	0.0	0.0	0.0	0.0	0.0	0.0	0.0	0.0	0.0	0.0	0.0	0.0	0.0
k__Bacteria;p__Elusimicrobia;c__Elusimicrobia	0.00362867937416	0.00317136396227	0.00144239556216	0.00318244474665	0.00343534353435	0.00329665531395	0.00241553941494	0.00306716680828	0.00136788636534	0.00283168996505	0.00262089331857	0.00282978440442	0.00368498302499	0.00321015487159	0.0023130412856	0.0048671697478	0.00208396031958	0.00273019961365	0.00417445235161	0.00201311773492	0.00161699029806	0.00335354559457	0.00327430323348	0.0030996393147	0.00177473855193	0.000936614013771	0.0021005664286
k__Bacteria;p__Elusimicrobia;c__Endomicrobia	0.000128071036735	1.37885389664e-05	5.43368191226e-05	1.85025857364e-05	6.00060006001e-05	0.0	8.32944625841e-06	4.66292251259e-05	4.17038526019e-05	3.12031952072e-05	6.15233173373e-06	5.17192972086e-05	0.0	3.67574985297e-05	5.81897178769e-05	0.0	6.24620259274e-05	1.28783000644e-05	2.38540134378e-05	2.16464272572e-05	0.0	9.74867905399e-06	0.0	5.63570784491e-05	2.00535429597e-05	0.0	5.79466600994e-05
k__Bacteria;p__FBP;c__	0.000192106555103	0.000179251006563	4.4457397464e-05	0.000175774564495	3.00030003e-05	5.0941693593e-05	4.16472312921e-05	0.00018133587549	0.000108430016765	3.9003994009e-05	0.000196874615479	2.21654130894e-05	4.46123852904e-05	0.000122524995099	9.21337199717e-05	4.90924902516e-05	3.40701959604e-05	3.86349001932e-05	3.97566890629e-05	7.03508885858e-05	0.000111999328004	4.87433952699e-05	8.68515446547e-05	2.81785392245e-05	4.01070859194e-05	0.000784730660186	0.000188326645323
k__Bacteria;p__FCPU426;c__	0.000405558282994	0.0	4.93971082933e-06	0.000249784907441	0.00022502250225	1.4554769598e-05	3.33177850337e-05	0.000217603050588	5.00446231223e-05	2.34023964054e-05	1.23046634675e-05	7.38847102981e-05	7.13798164646e-05	7.35149970594e-05	6.78880041897e-05	0.000729374140881	3.97485619538e-05	1.28783000644e-05	7.95133781259e-06	5.4116068143e-05	0.000300998194011	0.000107235469594	5.21109267928e-05	4.22678088368e-05	0.0	7.59416767922e-05	4.34599950745e-05
k__Bacteria;p__Fibrobacteres;c__Fibrobacteria	0.000106725863946	2.75770779328e-05	5.92765299519e-05	0.000194277150232	0.00034503450345	0.00029109539196	0.000283201172786	0.00012952562535	6.6726164163e-05	0.000140414378432	0.000104589639473	0.000620631566504	0.00069595321053	0.000294059988238	7.27371473461e-05	0.000547030605661	0.000204421175762	0.000103026400515	0.000190832107502	0.000292226767972	6.99995800025e-05	7.79894324319e-05	0.000416887414343	8.45356176736e-05	0.000100267714799	0.000177197245849	0.000115893320199
k__Bacteria;p__Fibrobacteres;c__SBZC_2415	0.0	0.0	0.0	0.0	0.0	0.0	0.0	0.0	0.0	0.0	0.0	0.0	0.0	0.0	9.69828631281e-06	0.0	0.0	0.0	0.0	0.0	0.0	0.0	0.0	0.0	0.0	0.0	0.0
k__Bacteria;p__Fibrobacteres;c__TG3	0.0	0.0	9.87942165866e-06	0.0	3.00030003e-05	0.0	0.0	0.0	8.34077052038e-06	7.8007988018e-06	0.0	0.0	4.46123852904e-06	0.0	1.45474294692e-05	0.0	1.13567319868e-05	0.0	3.18053512503e-05	1.08232136286e-05	0.0	0.0	0.0	1.40892696123e-05	3.00803144396e-05	0.0	0.0
k__Bacteria;p__Firmicutes;c__Bacilli	0.0195094879293	0.00961061165959	0.0124777095549	0.0122672143432	0.00259525952595	0.00397345210025	0.00309855400813	0.0126831492342	0.0145045999349	0.00658387418872	0.00506952134859	0.00118215536477	0.00334592889678	0.00932415212703	0.0111578784029	0.0159270064802	0.0166319339947	0.00668383773342	0.0119111040433	0.0103253458017	0.00951294292234	0.00652186628712	0.00696549388131	0.011482754734	0.0212066216799	0.00966990684488	0.00759101247302
k__Bacteria;p__Firmicutes;c__Clostridia	0.00286025315375	0.00115823727318	0.00135348076724	0.00109165255845	0.0003900390039	0.000465752627136	0.000424801759179	0.00160611775434	0.00165147256304	0.00136513979031	0.000633690168574	0.00036203508046	0.000700414449059	0.00104146245834	0.00169235096159	0.00138160293994	0.00202149829365	0.00073406310367	0.00256033077565	0.00253263198909	0.000965994204035	0.0011016007331	0.000451628032205	0.00266287195672	0.00407086922082	0.000379708383961	0.000564979935969
k__Bacteria;p__Firmicutes;c__Erysipelotrichi	0.0	0.0	0.0	0.0	0.0	7.277384799e-06	2.49883387752e-05	0.0	0.0	0.0	0.0	0.0	1.33837155871e-05	0.0	4.8491431564e-06	0.0	1.13567319868e-05	0.0	0.0	1.08232136286e-05	0.0	0.0	0.0	0.0	0.0	0.0	0.0
k__Bacteria;p__Fusobacteria;c__Fusobacteriia	0.0	0.0	0.0	0.0	0.0	0.0	0.0	0.0	1.66815410408e-05	0.0	0.0	0.0	0.0	0.0	0.0	7.01321289309e-06	0.0	0.0	1.59026756252e-05	4.32928545144e-05	0.0	0.0	0.0	0.0	1.00267714799e-05	0.0	0.0
k__Bacteria;p__GAL15;c__	0.0	0.0	4.93971082933e-06	0.0	0.0	0.0	5.83061238089e-05	0.0	0.0	2.34023964054e-05	0.0	2.21654130894e-05	4.46123852904e-06	0.0	3.39440020948e-05	0.0	3.97485619538e-05	0.0	0.0	1.62348204429e-05	0.0	0.0	0.0	1.40892696123e-05	5.01338573993e-05	0.0	0.0
k__Bacteria;p__GN02;c__3BR-5F	0.0	0.0	0.0	1.85025857364e-05	7.50075007501e-05	2.9109539196e-05	0.0	0.0	0.0	0.0	0.0	0.0	0.0	0.0	0.0	0.0	0.0	0.0	0.0	0.0	0.0	0.0	8.68515446547e-06	0.0	0.0	0.0	0.0
k__Bacteria;p__GN02;c__BD1-5	0.0	0.0	0.0	0.0	0.0	7.277384799e-06	0.0	0.0	0.0	0.0	0.0	0.0	0.0	0.0	0.0	0.0	0.0	0.0	0.0	0.0	0.0	0.0	0.0	0.0	0.0	0.0	0.0
k__Bacteria;p__GN02;c__GKS2-174	8.53806911567e-05	5.51541558656e-05	4.4457397464e-05	9.25129286818e-05	9.00090009001e-05	0.000109160771985	0.00020823615646	3.62671750979e-05	0.000125111557806	0.000132613579631	4.30663221361e-05	6.64962392682e-05	6.69185779356e-05	2.45049990198e-05	0.000130926865223	8.41585547171e-05	0.000210099541756	5.15132002576e-05	6.36107025007e-05	7.03508885858e-05	9.79994120035e-05	4.87433952699e-05	6.07960812583e-05	0.000112714156898	0.000110294486278	0.000101255569056	8.69199901491e-05
k__Bacteria;p__GN02;c__GN07	0.0	0.0	0.0	1.85025857364e-05	0.0	1.4554769598e-05	0.0	0.0	0.0	0.0	6.15233173373e-06	2.95538841192e-05	0.0	0.0	4.36422884076e-05	0.0	0.0	0.0	7.95133781259e-06	0.0	0.0	9.74867905399e-06	8.68515446547e-06	4.22678088368e-05	0.0	0.0	1.44866650248e-05
k__Bacteria;p__GN04;c__	0.0	0.0	0.0	0.0	0.0	0.0	0.0	0.0	0.0	1.56015976036e-05	0.0	3.6942355149e-05	0.0	0.0	0.0	0.0	3.97485619538e-05	0.0	0.0	0.0	0.0	0.0	0.0	1.40892696123e-05	0.0	0.0	0.0
k__Bacteria;p__GN04;c__GN15	0.0	0.0	0.0	0.0	0.0	0.0	0.0	0.0	0.0	0.0	0.0	0.0	0.0	0.0	0.0	0.0	0.0	0.0	0.0	0.0	0.0	0.0	0.0	0.0	0.0	0.0	0.0
k__Bacteria;p__GOUTA4;c__	0.0	0.0	0.0	0.0	0.0	0.0	0.0	0.0	0.0	0.0	0.0	0.0	0.0	0.0	0.0	0.0	0.0	0.0	0.0	0.0	0.0	0.0	0.0	0.0	0.0	0.0	0.0
k__Bacteria;p__Gemmatimonadetes;c__	0.0	0.00103414042248	0.000227226698149	2.77538786045e-05	0.0031203120312	0.00058219078392	0.00152428866529	0.000119163575322	0.00119273018441	0.00170057413879	0.000258397932817	0.00140380949566	0.000910092659924	0.000122524995099	0.000955281201812	0.0	0.00220320600544	0.00104314230522	0.000119270067189	0.000248933913458	9.09994540033e-05	0.0	0.00019107339824	0.00156390892696	0.00239639838368	0.0	0.000188326645323
k__Bacteria;p__Gemmatimonadetes;c__Gemm-1	0.0297124805225	0.0192625889361	0.0331849773514	0.0166615784556	0.0136363636364	0.00935871685151	0.010928233491	0.022211054235	0.0143461252951	0.0219670494259	0.0171342438784	0.0226234982933	0.0136424674218	0.00917712213292	0.0100037823317	0.00358375178837	0.021492615285	0.0103799098519	0.00822168329821	0.026284174297	0.0211608730348	0.0263896741991	0.0150774281521	0.0259524346258	0.0623865721476	0.00508809234508	0.0171956713845
k__Bacteria;p__Gemmatimonadetes;c__Gemm-2	0.00110994898504	0.00100656334455	0.00285021314852	0.000869621529609	0.0011401140114	0.000785957558292	0.00068301459319	0.000652809151763	0.00111766324973	0.00100630304543	0.00112587670727	0.00152941350317	0.000687030733472	0.0011149774554	0.000455819456702	0.000168317109434	0.00156155064819	0.00119768190599	0.000381664215004	0.000822564235773	0.00102899382604	0.000331455087836	0.000590590503652	0.000845356176736	0.0042312975645	0.000480963953017	0.0022164597488
k__Bacteria;p__Gemmatimonadetes;c__Gemm-3	0.000277487246259	0.000261982240362	0.00014819132488	0.000277538786045	0.00028502850285	0.000465752627136	0.000249883387752	0.000113982550308	0.000300267738734	0.000382239141288	0.00036298757229	6.64962392682e-05	0.000133837155871	0.000465594981376	0.000417026311451	0.0	5.11052939406e-05	0.000309079201545	0.000143124080627	0.000119055349914	0.00027999832001	0.000155978864864	0.000312665560757	0.00012680342651	8.02141718388e-05	0.00081004455245	0.000622926596068
k__Bacteria;p__Gemmatimonadetes;c__Gemm-5	0.00143012657687	0.00244057139705	0.00172395907944	0.000740103429454	0.00142514251425	0.000669519401508	0.000857932964617	0.000963670652602	0.0017599025798	0.00123252621068	0.000898240433124	0.00077578945813	0.000374744036439	0.00191138992354	0.00112985035544	0.000126237832076	0.00115270829666	0.00127495170637	0.00104957659126	0.000865857090287	0.00160299038206	0.000175476222972	0.000330035869688	0.00150755184851	0.00219586295409	0.000784730660186	0.0027959263498
k__Bacteria;p__Gemmatimonadetes;c__Gemmatimonadetes	0.0391683920681	0.0132921515636	0.0123838550491	0.0219718205619	0.0112211221122	0.00750298372777	0.00665522756047	0.010367231053	0.0102007623464	0.0107338991513	0.0125999753907	0.00861495722075	0.00876187247104	0.00835620466575	0.00839871594689	0.00997278873397	0.00765443735911	0.00763683193818	0.0049934401463	0.0107258047059	0.0206778759327	0.025278324787	0.00909335672535	0.00752366997295	0.0223095665427	0.0149858242203	0.0123136652711
k__Bacteria;p__Lentisphaerae;c__[Lentisphaeria]	0.0	0.0	0.0	0.0	0.0	0.0	0.0	0.0	0.0	0.0	0.0	1.47769420596e-05	0.0	0.0	0.0	0.0	0.0	0.0	0.0	0.0	0.0	0.0	0.0	0.0	0.0	0.0	0.0
k__Bacteria;p__MVP-21;c__	0.0	0.0	1.97588433173e-05	2.77538786045e-05	0.0	2.9109539196e-05	0.0	1.0362050028e-05	3.33630820815e-05	3.9003994009e-05	1.84569952012e-05	0.0	4.90736238194e-05	0.0	2.90948589384e-05	0.0	5.6783659934e-06	0.0	0.0	5.4116068143e-06	4.19997480015e-05	1.9497358108e-05	5.21109267928e-05	5.63570784491e-05	5.01338573993e-05	0.0	2.89733300497e-05
k__Bacteria;p__NC10;c__12-24	0.0	0.0	4.93971082933e-06	0.0	0.0	0.0	0.0	0.0	0.0	3.12031952072e-05	0.0	0.0	0.0	0.0	0.0	0.0	7.38187579142e-05	0.0	0.0	0.0	0.0	0.0	0.0	0.0	0.0	0.0	0.0
k__Bacteria;p__NKB19;c__	6.40355183675e-05	4.13656168992e-05	0.0	0.0	0.0	0.0	0.0	5.18102501399e-06	1.66815410408e-05	3.12031952072e-05	1.23046634675e-05	0.0	4.46123852904e-06	0.0	3.39440020948e-05	0.0	3.97485619538e-05	1.28783000644e-05	3.97566890629e-05	0.0	0.0	2.9246037162e-05	0.0	7.04463480613e-05	6.01606288791e-05	0.0	2.89733300497e-05
k__Bacteria;p__NKB19;c__TSBW08	0.0	6.89426948321e-05	9.87942165866e-06	1.85025857364e-05	1.500150015e-05	2.1832154397e-05	1.66588925168e-05	1.5543075042e-05	1.66815410408e-05	1.56015976036e-05	3.69139904024e-05	7.38847102981e-06	1.33837155871e-05	0.0	3.39440020948e-05	7.01321289309e-06	0.0	7.72698003863e-05	1.59026756252e-05	2.70580340715e-05	5.5999664002e-05	1.9497358108e-05	0.0	0.0	2.00535429597e-05	0.000455650060753	8.69199901491e-05
k__Bacteria;p__Nitrospirae;c__Nitrospira	0.0101816474204	0.0126992443881	0.0191166809095	0.00870546658896	0.0255775577558	0.00858731406282	0.0252798693943	0.00834145027252	0.0136288190303	0.0216784198702	0.0147840531561	0.0207394381807	0.0174880550338	0.00833169966673	0.018417045708	0.00300165511824	0.0302486556469	0.0174758531874	0.0112829483561	0.0211323246098	0.00762995422027	0.014798494804	0.0174484753211	0.0259524346258	0.033579657686	0.00189854191981	0.00941633226615
k__Bacteria;p__OD1;c__	4.26903455783e-05	0.000289559318295	7.40956624399e-05	1.85025857364e-05	1.500150015e-05	3.6386923995e-05	1.66588925168e-05	6.21723001679e-05	2.50223115611e-05	6.24063904144e-05	3.69139904024e-05	4.43308261788e-05	2.23061926452e-05	0.0	4.8491431564e-05	8.41585547171e-05	5.11052939406e-05	1.28783000644e-05	3.97566890629e-05	1.62348204429e-05	1.39999160005e-05	5.84920743239e-05	8.68515446547e-05	4.22678088368e-05	6.01606288791e-05	0.0	7.24333251242e-05
k__Bacteria;p__OD1;c__ABY1	0.000128071036735	2.75770779328e-05	9.87942165866e-06	1.85025857364e-05	0.0	1.4554769598e-05	8.32944625841e-06	1.0362050028e-05	1.66815410408e-05	7.8007988018e-06	1.84569952012e-05	0.0	1.33837155871e-05	0.0	4.8491431564e-06	1.40264257862e-05	3.97485619538e-05	0.0	0.0	3.24696408858e-05	2.09998740008e-05	0.0	0.0	9.86248872858e-05	0.0	0.0	1.44866650248e-05
k__Bacteria;p__OD1;c__Mb-NB09	0.000106725863946	2.75770779328e-05	0.0	0.0	9.00090009001e-05	0.0	0.0	1.0362050028e-05	0.0	0.0	0.0	1.47769420596e-05	1.78449541162e-05	0.0	4.8491431564e-06	1.40264257862e-05	5.6783659934e-06	0.0	1.59026756252e-05	1.62348204429e-05	0.0	2.9246037162e-05	3.47406178619e-05	0.0	0.0	0.0	0.0
k__Bacteria;p__OD1;c__SM2F11	0.00025614207347	5.51541558656e-05	9.87942165866e-05	0.000111015514418	3.00030003e-05	4.3664308794e-05	8.32944625841e-05	4.14482001119e-05	6.6726164163e-05	6.24063904144e-05	0.000190722283746	3.6942355149e-05	5.79961008775e-05	4.90099980396e-05	0.000111530292597	0.000133251044969	0.000119245685861	0.0	5.56593646881e-05	7.57624954001e-05	0.000160999034006	0.000185224902026	8.68515446547e-05	5.63570784491e-05	0.000250669286996	0.000253138922641	0.000144866650248
k__Bacteria;p__OD1;c__ZB2	0.000149416209524	6.89426948321e-05	3.45779758053e-05	0.000111015514418	1.500150015e-05	2.9109539196e-05	4.16472312921e-05	5.18102501399e-05	0.000116770787285	2.34023964054e-05	2.46093269349e-05	0.000103438594417	4.01511467614e-05	1.22524995099e-05	3.39440020948e-05	0.000105198193396	2.27134639736e-05	2.57566001288e-05	8.74647159385e-05	0.000102820529472	0.000321998068012	4.87433952699e-05	5.21109267928e-05	2.81785392245e-05	4.01070859194e-05	2.53138922641e-05	4.34599950745e-05
k__Bacteria;p__OP11;c__	4.26903455783e-05	6.89426948321e-05	1.97588433173e-05	9.25129286818e-06	0.0	3.6386923995e-05	2.49883387752e-05	9.32584502518e-05	8.34077052038e-06	0.0	4.30663221361e-05	7.38847102981e-06	4.01511467614e-05	0.0	9.69828631281e-06	2.80528515724e-05	0.0	1.28783000644e-05	0.0	2.16464272572e-05	2.7999832001e-05	1.9497358108e-05	8.68515446547e-06	1.40892696123e-05	2.00535429597e-05	2.53138922641e-05	5.79466600994e-05
k__Bacteria;p__OP11;c__OP11-1	0.0	0.0	0.0	0.0	0.0	0.0	0.0	0.0	0.0	0.0	1.23046634675e-05	0.0	0.0	0.0	0.0	0.0	0.0	0.0	0.0	0.0	0.0	0.0	0.0	0.0	0.0	0.0	0.0
k__Bacteria;p__OP11;c__OP11-3	2.13451727892e-05	0.0	9.87942165866e-06	0.0	3.00030003e-05	2.1832154397e-05	8.32944625841e-06	0.0	2.50223115611e-05	0.0	6.15233173373e-06	0.0	4.46123852904e-06	0.0	4.8491431564e-06	0.0	0.0	0.0	0.0	0.0	6.99995800025e-06	0.0	0.0	0.0	0.0	0.0	0.0
k__Bacteria;p__OP11;c__OP11-4	0.0	0.0	0.0	0.0	0.0	0.0	0.0	0.0	0.0	0.0	0.0	0.0	0.0	0.0	0.0	0.0	0.0	0.0	0.0	0.0	2.7999832001e-05	0.0	0.0	0.0	0.0	0.0	0.0
k__Bacteria;p__OP11;c__WCHB1-64	0.0	0.0	0.0	0.0	0.0	0.0	0.0	0.0	0.0	0.0	0.0	0.0	0.0	0.0	0.0	0.0	0.0	0.0	0.0	0.0	0.0	0.0	0.0	0.0	0.0	0.0	0.0
k__Bacteria;p__OP3;c__PBS-25	0.000320177591838	0.000151673928631	0.000103733927416	0.00010176422155	4.500450045e-05	0.000167379850377	6.66355700673e-05	1.5543075042e-05	0.000175156180928	0.000195019970045	0.000184569952012	0.000162546362656	0.000133837155871	0.000110272495589	6.78880041897e-05	0.000287541728617	0.000408842351525	9.01481004507e-05	0.000222637458752	0.000129878563543	9.09994540033e-05	0.00024371697635	0.000225814016102	0.000380410279531	0.00140374800718	0.000151883353584	0.000188326645323
k__Bacteria;p__OP3;c__koll11	0.000405558282994	0.000220616623463	0.000256864963125	9.25129286818e-05	7.50075007501e-05	0.000152825080779	5.83061238089e-05	3.62671750979e-05	0.000333630820815	0.000202820768847	0.00026455026455	0.000110827065447	0.000120453440284	0.000245049990198	9.69828631281e-05	4.20792773585e-05	0.000670047187221	0.000128783000644	0.000103367391564	0.000135290170357	4.19997480015e-05	0.000311957729728	0.000199758552706	0.000366321009919	0.00131350706386	0.0	0.000289733300497
k__Bacteria;p__OP8;c__OP8_1	0.0	0.0	9.87942165866e-06	0.0	0.0	0.0	0.0	0.0	0.0	0.0	0.0	0.0	0.0	0.0	0.0	0.0	0.0	0.0	0.0	0.0	0.0	0.0	0.0	0.0	0.0	0.0	0.0
k__Bacteria;p__PAUC34f;c__	0.0	0.0	0.0	0.0	0.0	0.0	0.0	0.0	0.0	0.0	0.0	0.0	0.0	0.0	0.0	0.0	3.40701959604e-05	0.0	0.0	0.0	0.0	0.0	1.73703089309e-05	0.0	0.0	0.0	0.0
k__Bacteria;p__Planctomycetes;Other	0.0	0.0	0.0	0.0	0.0	0.0	0.0	0.0	0.0	0.0	0.0	0.0	0.0	0.0	0.0	0.0	1.13567319868e-05	0.0	0.0	0.0	0.0	0.0	0.0	0.0	0.0	0.0	0.0
k__Bacteria;p__Planctomycetes;c__	0.00025614207347	0.000854889415917	0.000652041829471	0.000157271978759	0.00274527452745	0.00169563065817	0.00199906710202	0.000253870225685	0.00130116020118	0.00151335496755	0.000658299495509	0.00324353878208	0.00152574357693	0.000343069986277	0.00139170408589	0.000161303896541	0.00132305927646	0.00171281390856	0.000747425754383	0.000373400870186	0.000972994162035	0.00038994716216	0.000885885755478	0.00139483769161	0.000832222032828	7.59416767922e-05	0.00050703327587
k__Bacteria;p__Planctomycetes;c__028H05-P-BN-P5	6.40355183675e-05	0.000275770779328	0.000177829589856	0.000138769393023	0.0002400240024	0.000473030011935	0.000966215765976	0.000139887675378	0.000492105460702	0.00060846230654	0.000116894302941	0.000450696732818	0.000441662614375	0.000343069986277	0.000470366886171	1.40264257862e-05	0.000698439017188	0.000399227301996	0.000294199499066	0.000178583024872	6.29996220023e-05	9.74867905399e-06	0.000295295251826	0.000366321009919	0.000310829915875	7.59416767922e-05	0.000275246635472
k__Bacteria;p__Planctomycetes;c__BD7-11	0.00025614207347	8.27312337985e-05	0.000138311903221	0.000212779735968	0.00028502850285	0.000240153698367	0.000308189511561	6.21723001679e-05	0.000125111557806	0.000429043934099	0.000129198966408	0.000531969914146	0.000530887384956	0.000257302489708	0.000368534879887	0.000483911689623	0.000380450521558	0.000540888602704	0.000294199499066	0.000178583024872	0.000244998530009	0.000204722260134	0.000208443707171	0.000324053201082	0.000230615744037	0.000101255569056	0.000275246635472
k__Bacteria;p__Planctomycetes;c__C6	0.000554974492519	0.000441233246925	0.00267238355867	0.00113790902279	0.00127512751275	0.000676796786307	0.000882921303392	0.000730524526972	0.000708965494232	0.00237924363455	0.00072597514458	0.00396022047198	0.00178895665015	0.00140903744364	0.000436422884076	0.000175330322327	0.00144230496232	0.000618158403091	0.00046117759313	0.000492456220101	9.09994540033e-05	0.000419193199321	0.000408202259877	0.000732642019838	0.00111297163426	0.0	0.000564979935969
k__Bacteria;p__Planctomycetes;c__ODP123	0.0	0.0	0.0	0.0	0.0	0.0	0.0	0.0	0.0	0.0	0.0	0.0	0.0	0.0	0.0	0.0	0.0	0.0	0.0	0.0	0.0	0.0	0.0	0.0	0.0	0.0	0.0
k__Bacteria;p__Planctomycetes;c__OM190	0.00309505005443	0.00325409519607	0.0101264072001	0.00276613656759	0.00895589558956	0.00670974878468	0.00920403811555	0.00171491927963	0.00435388221164	0.0101878432351	0.00433124154054	0.0220176436688	0.00864141903075	0.00604048225838	0.00613416609285	0.00148680113334	0.00884121585173	0.00825499034127	0.0153619846539	0.00431846223781	0.0028629828221	0.00306108522295	0.00317876653436	0.00687556357078	0.00474266290997	0.000607533414338	0.00750409248287
k__Bacteria;p__Planctomycetes;c__Phycisphaerae	0.0115477384789	0.00639788208041	0.00611536200671	0.0108425152415	0.0133813381338	0.00976625040026	0.0135270207237	0.0114086170808	0.00706463263076	0.0113111582626	0.00808416389812	0.0120062654234	0.00934183347981	0.00741276220349	0.0122634830425	0.0170140544786	0.0125775806754	0.00533161622666	0.00743450085477	0.00598523713661	0.0083439499363	0.013716391429	0.00714788212508	0.0102288097385	0.00743986443805	0.00230356419603	0.00847469903953
k__Bacteria;p__Planctomycetes;c__Pla3	0.0	0.000124096850698	0.000419875420493	0.0	0.001500150015	0.000342037085553	0.000333177850337	8.80774252378e-05	0.000425379296539	0.00119352221667	0.000166112956811	0.00152202503214	0.000629034632595	8.57674965693e-05	0.000625539467176	2.10396386793e-05	0.00208396031958	0.000334835801674	0.000310102174691	0.000643981210901	2.09998740008e-05	9.74867905399e-06	0.000208443707171	0.000929891794409	0.000561499202872	0.0	0.000188326645323
k__Bacteria;p__Planctomycetes;c__Pla4	0.000298832419048	0.000179251006563	0.000676740383618	0.000129518100154	0.0002400240024	0.000181934619975	0.000149930032651	7.77153752098e-05	0.000233541574571	0.000585059910135	0.000276854928018	0.000554135327235	0.000294441742917	0.000514604979416	0.000111530292597	0.000140264257862	0.000607585161294	0.00011590470058	0.000580447660319	0.000481633006472	9.79994120035e-05	9.74867905399e-05	8.68515446547e-05	0.000366321009919	0.000721927546549	0.0	0.000217299975373
k__Bacteria;p__Planctomycetes;c__Planctomycetia	0.0263826335674	0.0416000220617	0.0326564282927	0.0342667887837	0.0354485448545	0.0424780950718	0.0317851669221	0.0300447640561	0.0427214266054	0.0478891038442	0.0385012919897	0.0391367310449	0.0385406396524	0.0472333856107	0.0442872244474	0.0600751816422	0.0469714434974	0.0385318737927	0.051675744444	0.0385576985519	0.0354267874393	0.037191210591	0.0357567809343	0.0329266230839	0.0380315442231	0.0423754556501	0.034420316099
k__Bacteria;p__Planctomycetes;c__vadinHA49	0.000554974492519	0.000372290552093	0.000187709011514	0.000592082743563	0.0001800180018	0.0007277384799	0.000149930032651	0.000393757901063	0.000375334673417	0.000226223165252	0.000233788605882	0.000199488717805	0.00105285229285	0.000318564987257	0.000232758871507	0.00086262518585	3.40701959604e-05	0.000270444301352	0.000159026756252	0.00091997315843	0.00027299836201	0.000428941878375	0.000330035869688	0.000140892696123	2.00535429597e-05	7.59416767922e-05	0.000347679960596
k__Bacteria;p__Proteobacteria;Other	0.0	0.0	0.0	5.55077572091e-05	0.0	0.0	3.33177850337e-05	1.0362050028e-05	1.66815410408e-05	0.0	1.23046634675e-05	1.47769420596e-05	0.0	2.45049990198e-05	0.0	0.0	0.0	0.0	0.0	0.0	2.09998740008e-05	0.0	1.73703089309e-05	0.0	0.0	0.0	0.0
k__Bacteria;p__Proteobacteria;c__	4.26903455783e-05	0.000151673928631	8.39750840986e-05	0.00010176422155	0.0	0.000203766774372	9.16239088425e-05	0.000196878950532	0.000158474639887	0.000280828756865	6.7675649071e-05	0.000251208015013	0.000142759632929	0.000183787492649	0.000101832006284	2.80528515724e-05	0.000590550063314	5.15132002576e-05	0.000151075418439	0.000238110699829	2.7999832001e-05	3.8994716216e-05	0.000217128861637	0.000281785392245	0.00107286454834	2.53138922641e-05	0.000101406655174
k__Bacteria;p__Proteobacteria;c__Alphaproteobacteria	0.109394010545	0.0926038276984	0.088623351989	0.137816509857	0.0944194419442	0.0862151777137	0.0976460984874	0.10381737923	0.108455039077	0.0888588991513	0.128386858619	0.0799210911294	0.0939938345684	0.0735762595569	0.104804531039	0.0780851123517	0.0829438920656	0.103850611719	0.080483441339	0.0903413641578	0.166074003556	0.115044161516	0.109485057192	0.100850991885	0.0797028064933	0.153630012151	0.114575033681
k__Bacteria;p__Proteobacteria;c__Betaproteobacteria	0.0768639672138	0.0490320445646	0.0751478208466	0.0706798775129	0.0666516651665	0.0442246674235	0.0373242486839	0.0684776076099	0.0383091590001	0.0435752621068	0.0738525901317	0.0583245903093	0.0540345210637	0.0694104097236	0.0482683709788	0.0500813532696	0.0471701863072	0.0659368963297	0.0430008348905	0.0451923285062	0.0706505760965	0.0824933221548	0.0433302356282	0.044620716862	0.0622461973469	0.133454840016	0.0790392443756
k__Bacteria;p__Proteobacteria;c__Deltaproteobacteria	0.0507588208927	0.0665986432078	0.0572364293794	0.0623999703959	0.0947644764476	0.0723517596716	0.0668687945625	0.060752699314	0.0663424887191	0.0799581877184	0.0609388458226	0.101672749841	0.0865792561331	0.0635537149579	0.0809467467099	0.0449056021545	0.0908481775284	0.0666323245332	0.0697650379676	0.0831818083425	0.0670945974324	0.0511513189963	0.0690990889273	0.0835775473399	0.0894187480573	0.0250354394492	0.0610033464196
k__Bacteria;p__Proteobacteria;c__Epsilonproteobacteria	0.0	0.0	9.87942165866e-06	0.0	0.0	2.1832154397e-05	0.0	0.0	3.33630820815e-05	7.02071892162e-05	0.0	7.38847102981e-06	2.67674311742e-05	0.0	1.45474294692e-05	0.0	1.13567319868e-05	0.0	3.97566890629e-05	1.62348204429e-05	0.0	0.0	0.0	0.0	1.00267714799e-05	2.53138922641e-05	0.0
k__Bacteria;p__Proteobacteria;c__Gammaproteobacteria	0.0492219684518	0.0526032761569	0.05646583449	0.0746394308605	0.0491599159916	0.04326405263	0.0344755780636	0.052587403892	0.0384092482464	0.0309847728407	0.0859173126615	0.0358562499076	0.0391875192391	0.0596696726132	0.0416347431409	0.0265169579488	0.0330878386436	0.074397939472	0.042340873852	0.0495594952053	0.0891864648812	0.0485874164051	0.0441292698391	0.0354204238052	0.0605817532813	0.0767770352369	0.0845876370801
k__Bacteria;p__Proteobacteria;c__TA18	0.000341522764627	0.000137885389664	8.89147949279e-05	0.000397805593332	0.0004500450045	0.000538526475126	0.000374825081629	0.00020724100056	0.000116770787285	0.000351035946081	0.000166112956811	5.91077682384e-05	0.000544271100543	0.000759654969614	0.000349138307261	0.00056807024434	0.000107888953875	0.000437862202189	0.000485031606568	0.000319284802043	0.000139999160005	0.00014623018581	0.000442942877739	0.000239517583408	0.000230615744037	0.000202511138113	0.000231786640398
k__Bacteria;p__SBR1093;c__	0.0	4.13656168992e-05	0.0	0.0	0.0	0.0	0.0	0.0	0.0	0.0	0.0	0.0	0.0	0.0	0.0	0.0	3.97485619538e-05	0.0	0.0	2.16464272572e-05	0.0	0.0	0.0	2.81785392245e-05	0.000230615744037	0.0	0.0
k__Bacteria;p__SBR1093;c__VHS-B5-50	0.0	0.0	9.87942165866e-06	0.0	0.0	0.0	0.0	0.0	0.0	7.8007988018e-06	0.0	0.0	0.0	0.0	0.0	0.0	1.70350979802e-05	0.0	7.95133781259e-06	0.0	0.0	0.0	0.0	0.0	0.0	0.0	0.0
k__Bacteria;p__SR1;c__	4.26903455783e-05	0.0	0.0	2.77538786045e-05	0.0	0.0	0.0	0.0	0.0	0.0	0.0	0.0	0.0	0.0	0.0	0.0	0.0	0.0	0.0	0.0	0.0	0.0	0.0	0.0	0.0	0.0	0.0
k__Bacteria;p__Spirochaetes;c__Spirochaetes	0.0	0.0	3.95176866346e-05	0.000111015514418	0.0	0.0	8.32944625841e-06	7.25343501958e-05	8.34077052038e-06	0.0	0.0	9.60501233875e-05	5.35348623485e-05	1.22524995099e-05	0.0	2.10396386793e-05	0.0	0.0	0.0	0.0	0.0	9.74867905399e-06	0.0	0.0	0.0	0.0	0.0
k__Bacteria;p__Spirochaetes;c__[Leptospirae]	0.0	0.0	0.0	3.70051714727e-05	0.0001800180018	0.0	2.49883387752e-05	0.0	8.34077052038e-06	0.0	3.07616586686e-05	9.60501233875e-05	5.79961008775e-05	0.0	9.21337199717e-05	0.0	3.40701959604e-05	0.0	7.95133781259e-06	6.49392817715e-05	6.99995800025e-06	9.74867905399e-06	2.60554633964e-05	0.0	0.0	2.53138922641e-05	0.0
k__Bacteria;p__TM6;c__SBRH58	2.13451727892e-05	4.13656168992e-05	6.42162407813e-05	0.0	0.00019501950195	2.9109539196e-05	0.0	8.28964002238e-05	2.50223115611e-05	0.000163816774838	5.53709856035e-05	0.0	4.46123852904e-06	4.90099980396e-05	9.21337199717e-05	0.0	5.11052939406e-05	5.15132002576e-05	7.95133781259e-05	5.4116068143e-05	7.69995380028e-05	0.00113084677026	6.07960812583e-05	0.000281785392245	2.00535429597e-05	2.53138922641e-05	4.34599950745e-05
k__Bacteria;p__TM6;c__SJA-4	0.00155819761361	0.00118581435111	0.000997821587524	0.00161897625193	0.00154515451545	0.00108433033505	0.000433131205437	0.00193252233022	0.000492105460702	0.0013105341987	0.00119355235634	0.000849674168428	0.000405972706143	0.00102920995883	0.00119288921648	0.00130445759811	0.00148773189027	0.000875724404379	0.00101777124001	0.000947031192502	0.00197398815607	0.00124783091891	0.00164149419397	0.00164844454463	0.000922462976146	0.00230356419603	0.000912659896565
k__Bacteria;p__TM7;c__	0.0	0.0	0.0	0.0	0.0	0.0	0.0	1.0362050028e-05	0.0	0.0	0.0	7.38847102981e-06	4.46123852904e-06	0.0	0.0	0.0	0.0	0.0	0.0	0.0	6.99995800025e-06	0.0	0.0	0.0	0.0	0.0	0.0
k__Bacteria;p__TM7;c__MJK10	0.0	0.0	2.46985541466e-05	9.25129286818e-06	3.00030003e-05	8.7328617588e-05	4.99766775505e-05	3.62671750979e-05	4.17038526019e-05	3.9003994009e-05	2.46093269349e-05	7.38847102981e-06	1.78449541162e-05	0.0	1.93965726256e-05	0.0	2.8391829967e-05	3.86349001932e-05	2.38540134378e-05	3.24696408858e-05	0.0	3.8994716216e-05	6.94812357238e-05	0.000169071235347	0.000200535429597	0.0	8.69199901491e-05
k__Bacteria;p__TM7;c__SC3	0.000362867937416	0.00019303954553	3.95176866346e-05	0.000444062057673	0.00016501650165	0.000371146624749	0.00031651895782	0.000300499450811	0.000191837721969	0.000179418372441	0.000393749230959	0.000221654130894	0.00037028279791	0.000147029994119	0.000237608014664	0.000287541728617	8.5175489901e-05	0.000141661300708	0.000190832107502	0.000124466956729	0.000363997816013	0.000467936594591	0.000130277316982	0.000211339044184	6.01606288791e-05	5.06277845281e-05	0.000564979935969
k__Bacteria;p__TM7;c__TM7-1	0.0	0.0	0.0	9.25129286818e-06	0.0	0.0	4.99766775505e-05	1.0362050028e-05	8.34077052038e-06	0.0	0.0	2.95538841192e-05	0.0	0.0	2.4245715782e-05	0.0	5.6783659934e-06	0.0	0.0	0.0	2.09998740008e-05	0.0	1.73703089309e-05	0.0	0.0	0.0	0.0
k__Bacteria;p__TM7;c__TM7-3	0.0	0.0	0.0	0.0	0.0	0.0	0.0	0.0	0.0	0.0	0.0	0.0	1.33837155871e-05	0.0	0.0	0.0	0.0	0.0	0.0	0.0	0.0	0.0	0.0	0.0	0.0	0.0	0.0
k__Bacteria;p__Tenericutes;c__Mollicutes	2.13451727892e-05	0.000496387402791	0.000316141493077	3.70051714727e-05	0.00034503450345	0.0014554769598	9.9953355101e-05	5.18102501399e-05	5.00446231223e-05	3.12031952072e-05	0.000209179278947	0.000487639087967	0.000285519265859	0.000147029994119	3.39440020948e-05	0.00120627261761	0.000352058691591	0.00216355441082	0.000365761539379	4.87044613287e-05	0.000230998614008	0.00014623018581	0.000138962471448	0.000197249774572	0.000180481886637	2.53138922641e-05	2.89733300497e-05
k__Bacteria;p__Tenericutes;c__RF3	0.0	0.0	0.0	0.0	0.0	0.0	0.0	0.0	0.0	0.0	0.0	0.0	0.0	1.22524995099e-05	0.0	0.0	0.0	0.0	7.95133781259e-06	5.4116068143e-06	0.0	0.0	0.0	1.40892696123e-05	1.00267714799e-05	0.0	0.0
k__Bacteria;p__Verrucomicrobia;Other	0.0	0.0	0.0	0.0	0.0	0.0	0.0	0.0	0.0	0.0	0.0	0.0	4.46123852904e-06	0.0	0.0	0.0	5.6783659934e-06	0.0	0.0	0.0	0.0	0.0	8.68515446547e-06	2.81785392245e-05	0.0	0.0	0.0
k__Bacteria;p__Verrucomicrobia;c__	0.0	0.0	0.0	0.0	0.0	0.0	0.0	0.0	0.0	0.0	0.0	0.0	0.0	0.0	0.0	0.0	0.0	0.0	0.0	0.0	0.0	0.0	0.0	0.0	0.0	0.0	0.0
k__Bacteria;p__Verrucomicrobia;c__Opitutae	0.00956263740955	0.00694942363907	0.00352201382131	0.00749354722322	0.0024302430243	0.0057782435304	0.00194909042447	0.0109164197045	0.00423711142435	0.00397840738892	0.0109696074812	0.00288889217265	0.00471999036372	0.00872377965105	0.00256034758658	0.00792493056919	0.00110728136871	0.00504829362524	0.005812427941	0.0068889754746	0.00767895392628	0.0100996314999	0.00427309599701	0.00173298016231	0.00326872750243	0.0134163629	0.00712743919222
k__Bacteria;p__Verrucomicrobia;c__Verruco-5	6.40355183675e-05	0.0	0.0	9.25129286818e-06	0.0	3.6386923995e-05	8.32944625841e-05	1.0362050028e-05	1.66815410408e-05	3.9003994009e-05	6.15233173373e-06	5.91077682384e-05	2.23061926452e-05	0.0	4.8491431564e-05	0.0	1.13567319868e-05	2.57566001288e-05	3.97566890629e-05	0.0	2.09998740008e-05	1.9497358108e-05	2.60554633964e-05	0.0	0.0	2.53138922641e-05	0.0
k__Bacteria;p__Verrucomicrobia;c__Verrucomicrobiae	0.00204913658776	0.00441233246925	0.00259828789623	0.00457938996975	0.00427542754275	0.00863097837161	0.00379822749384	0.00381841543531	0.00354482747116	0.00289409635547	0.00395594930479	0.00387155881962	0.0048538275196	0.00812340717506	0.00300646875697	0.00232838668051	0.00176029345795	0.00722472633612	0.0066314157357	0.00876680303916	0.00326198042812	0.00167677279729	0.00429915146041	0.00249380072137	0.00220588972557	0.00632847306602	0.00451983948775
k__Bacteria;p__Verrucomicrobia;c__[Methylacidiphilae]	0.000362867937416	0.00038607909106	0.000330960625565	0.000120266807286	0.00034503450345	0.000684074171106	0.000449790097954	0.000657990176777	0.000375334673417	0.000343235147279	0.000529100529101	0.000531969914146	0.000562116054659	0.000269554989218	0.000349138307261	0.00199876567453	0.000664368821228	0.000309079201545	0.000397566890629	0.000194817845315	0.00026599840401	0.00132582035134	0.000399517105412	0.000563570784491	0.00066176691767	0.000227825030377	0.000173839980298
k__Bacteria;p__Verrucomicrobia;c__[Pedosphaerae]	0.0324660078123	0.0403728420937	0.0398486472602	0.0277168734331	0.0375937593759	0.0422961604518	0.0164173385753	0.042220172839	0.0226618735039	0.03463554668	0.0292666420573	0.059986996291	0.0388796937806	0.0423078808077	0.0253125272764	0.0378783628356	0.0246895353393	0.0230392788152	0.0456963384089	0.025732190402	0.0143219140685	0.0515900095537	0.0311449639132	0.0273754508566	0.0251270893285	0.0226306196841	0.0305089165423
k__Bacteria;p__Verrucomicrobia;c__[Spartobacteria]	0.0638007214668	0.0683359991175	0.0580860596421	0.0941596588123	0.0410741074107	0.144055832096	0.0442460185247	0.10936625702	0.064032095285	0.0546757988018	0.0722468315492	0.050064279698	0.114212167582	0.0633454224662	0.0717721678579	0.1184180997	0.0612354988728	0.0529298132646	0.10487019441	0.0628612247549	0.0748715507707	0.092817173273	0.168639644256	0.0516089945897	0.01592251311	0.0229597002835	0.0476466412667
k__Bacteria;p__WPS-2;c__	0.000704390702043	4.13656168992e-05	9.87942165866e-06	4.62564643409e-05	6.00060006001e-05	5.0941693593e-05	5.83061238089e-05	0.000435206101175	6.6726164163e-05	7.8007988018e-06	0.000110741971207	7.38847102981e-06	5.35348623485e-05	6.12624975495e-05	2.90948589384e-05	0.00194967318428	3.97485619538e-05	2.57566001288e-05	4.77080268755e-05	5.95276749572e-05	0.000209998740008	6.82407533779e-05	4.34257723274e-05	0.0	9.02409433187e-05	5.06277845281e-05	0.000115893320199
k__Bacteria;p__WS1;c__	0.0	0.0	0.0	0.0	0.0	0.0	0.0	0.0	0.0	0.0	0.0	0.0	0.0	0.0	0.0	0.0	0.0	0.0	0.0	0.0	0.0	0.0	0.0	0.0	0.0	0.0	0.0
k__Bacteria;p__WS2;c__Kazan-3B-09	2.13451727892e-05	0.0	0.0	0.0	0.0	0.0	0.0	0.0	0.0	7.8007988018e-06	0.0	0.0	0.0	0.0	0.0	0.0	0.0	0.0	0.0	0.0	0.0	0.0	0.0	2.81785392245e-05	0.0	2.53138922641e-05	0.0
k__Bacteria;p__WS2;c__SHA-109	4.26903455783e-05	8.27312337985e-05	9.87942165866e-06	3.70051714727e-05	3.00030003e-05	7.277384799e-06	3.33177850337e-05	5.18102501399e-06	3.33630820815e-05	0.0	2.46093269349e-05	0.0	8.92247705808e-06	1.22524995099e-05	4.8491431564e-05	1.40264257862e-05	0.0	2.57566001288e-05	1.59026756252e-05	5.4116068143e-06	5.5999664002e-05	1.9497358108e-05	0.0	2.81785392245e-05	1.00267714799e-05	0.0	0.0
k__Bacteria;p__WS3;c__PRR-12	0.0027535272898	0.00472946886548	0.0110254345711	0.0024423413172	0.0272727272727	0.0112581142841	0.0130439128407	0.00455930201231	0.00864103825911	0.0184410883674	0.00609696074812	0.0300341347362	0.0112066311849	0.00336943736522	0.0136697345579	0.00161303896541	0.0196301112392	0.00798454603992	0.00546256907725	0.00601229517068	0.00207198756807	0.00810115229386	0.00785137963679	0.0199081379621	0.00600603611643	0.000430336168489	0.00480957278825
k__Bacteria;p__WS4;c__	0.0	0.0	4.93971082933e-06	0.0	0.0	0.0	0.0	0.0	0.0	0.0	0.0	0.0	0.0	0.0	0.0	0.0	5.6783659934e-06	0.0	0.0	0.0	0.0	0.0	0.0	0.0	0.0	0.0	0.0
k__Bacteria;p__ZB3;c__BS119	0.0	0.0	0.0	0.0	0.0	0.0	8.32944625841e-06	0.0	0.0	1.56015976036e-05	0.0	2.21654130894e-05	4.46123852904e-06	0.0	1.45474294692e-05	0.0	1.13567319868e-05	0.0	0.0	0.0	0.0	0.0	0.0	0.0	0.0	0.0	0.0
k__Bacteria;p__[Caldithrix];c__KSB1	0.0	0.0	0.00014819132488	0.0	0.00016501650165	6.5496463191e-05	1.66588925168e-05	9.32584502518e-05	5.83853936427e-05	0.000280828756865	7.38279808047e-05	0.000546746856206	5.79961008775e-05	0.000110272495589	6.30388610333e-05	7.01321289309e-06	0.000885825094971	6.4391500322e-05	0.000190832107502	0.0002651687339	6.99995800025e-06	0.0	1.73703089309e-05	0.000352231740307	0.000130348029238	0.0	0.000101406655174
k__Bacteria;p__[Thermi];c__Deinococci	0.0	0.0	0.0	0.0	0.0	0.0	1.66588925168e-05	0.0	0.0	0.0	0.0	0.0	0.0	0.0	0.0	0.0	0.0	0.0	0.0	0.0	0.0	0.0	0.0	0.0	2.00535429597e-05	0.0	0.0