	sequences per sample	iteration	515rcbc21	515rcbc17	515rcbc34	515rcbc33	515rcbc31	515rcbc15	515rcbc26	515rcbc22	515rcbc37	515rcbc24	515rcbc18	515rcbc35	515rcbc11	515rcbc27	515rcbc13	515rcbc9	515rcbc28	515rcbc23	515rcbc16	515rcbc19	515rcbc29	515rcbc14	515rcbc10	515rcbc8	515rcbc25	515rcbc36	515rcbc32
alpha_rarefaction_10_0.txt	10	0	55.0	55.0	55.0	55.0	55.0	55.0	55.0	55.0	55.0	29.0	55.0	55.0	55.0	55.0	55.0	23.0	55.0	55.0	55.0	55.0	55.0	55.0	55.0	55.0	55.0	55.0	55.0
alpha_rarefaction_10_1.txt	10	1	55.0	55.0	55.0	23.0	55.0	55.0	55.0	23.0	55.0	55.0	55.0	55.0	23.0	55.0	55.0	55.0	55.0	55.0	55.0	55.0	55.0	55.0	55.0	55.0	55.0	55.0	23.0
alpha_rarefaction_10_2.txt	10	2	55.0	55.0	55.0	55.0	55.0	55.0	55.0	55.0	29.0	55.0	55.0	55.0	55.0	23.0	55.0	55.0	55.0	55.0	55.0	55.0	55.0	55.0	55.0	55.0	23.0	55.0	55.0
alpha_rarefaction_10_3.txt	10	3	55.0	55.0	23.0	55.0	22.0	55.0	55.0	55.0	55.0	55.0	55.0	55.0	55.0	55.0	55.0	55.0	55.0	55.0	55.0	55.0	55.0	29.0	13.0	55.0	23.0	55.0	55.0
alpha_rarefaction_10_4.txt	10	4	55.0	23.0	23.0	23.0	55.0	55.0	13.0	55.0	55.0	23.0	55.0	55.0	55.0	55.0	55.0	55.0	23.0	55.0	55.0	55.0	55.0	55.0	55.0	55.0	55.0	23.0	23.0
alpha_rarefaction_10_5.txt	10	5	55.0	23.0	55.0	55.0	23.0	55.0	55.0	55.0	55.0	29.0	55.0	55.0	55.0	55.0	55.0	55.0	23.0	55.0	55.0	55.0	55.0	55.0	55.0	55.0	55.0	23.0	55.0
alpha_rarefaction_10_6.txt	10	6	55.0	55.0	23.0	23.0	55.0	55.0	55.0	55.0	55.0	55.0	55.0	55.0	23.0	55.0	23.0	55.0	23.0	55.0	55.0	55.0	55.0	55.0	55.0	55.0	55.0	23.0	55.0
alpha_rarefaction_10_7.txt	10	7	55.0	23.0	23.0	55.0	29.0	55.0	55.0	55.0	55.0	55.0	55.0	55.0	55.0	55.0	55.0	55.0	55.0	55.0	55.0	55.0	55.0	55.0	55.0	23.0	55.0	55.0	55.0
alpha_rarefaction_10_8.txt	10	8	55.0	55.0	23.0	55.0	55.0	55.0	55.0	55.0	55.0	55.0	55.0	55.0	55.0	55.0	55.0	55.0	55.0	55.0	55.0	55.0	55.0	55.0	55.0	55.0	12.0	23.0	55.0
alpha_rarefaction_10_9.txt	10	9	55.0	55.0	55.0	55.0	55.0	55.0	23.0	55.0	55.0	55.0	55.0	23.0	55.0	55.0	55.0	55.0	55.0	55.0	55.0	55.0	55.0	55.0	55.0	55.0	23.0	23.0	55.0
alpha_rarefaction_3959_0.txt	3959	0	2386.71641791	3019.61751152	2592.46634615	2704.0	2784.84722222	2710.17948718	2500.4	2945.45263158	3173.02777778	2774.79148936	2629.64197531	2246.12149533	2674.69162996	2852.78199052	2206.8125	2604.01315789	2402.18454936	2704.39461883	2545.72173913	3008.875	3007.38839286	2740.50442478	2343.56164384	2747.54506438	2333.32160804	2018.59195402	2611.68527919
alpha_rarefaction_3959_1.txt	3959	1	2500.67942584	2867.35483871	2665.0631068	2521.12444444	2293.06563707	2730.14018692	2727.03243243	2535.21551724	3034.72727273	2896.06422018	2497.24100719	2529.02083333	2757.20444444	2821.40789474	2273.29752066	2574.1682243	2854.03448276	2486.04273504	2690.59090909	3238.30434783	3337.56190476	2720.48430493	2477.0412844	2714.89873418	2653.57065217	2168.56886228	2177.66216216
alpha_rarefaction_3959_2.txt	3959	2	2355.46907216	2751.38028169	2661.69565217	2701.02702703	2800.59534884	2894.47593583	2710.93939394	2824.36231884	2946.75784753	2850.86666667	2827.37662338	2463.10194175	2820.0083682	2377.50423729	2549.93596059	2872.05102041	2951.04950495	2877.54545455	2620.15267176	3296.91701245	3057.39647577	2613.56053812	2434.35960591	2834.52830189	2412.78947368	2284.80722892	2869.27906977
alpha_rarefaction_3959_3.txt	3959	3	2609.69430052	2846.97727273	2672.58333333	2636.91162791	2714.3974359	2856.5	2407.97222222	2509.47727273	3014.80349345	2687.16194332	2714.11764706	2631.0	2558.64705882	2610.28767123	2541.96135266	2712.39461883	2702.95378151	2686.52112676	2726.95378151	3027.50583658	2917.46976744	2693.46976744	2609.33009709	2938.10526316	2301.26339286	2303.09433962	2408.57788945
alpha_rarefaction_3959_4.txt	3959	4	2273.47692308	2828.75	2451.91162791	2596.81696429	2744.20873786	2742.44651163	2609.72058824	2483.3231441	2909.30769231	2930.5412844	2836.6322314	2414.56179775	2833.93055556	2639.16591928	2613.80597015	2588.57142857	3124.5	2697.42523364	3125.00961538	3049.44827586	2810.5106383	2765.94711538	2467.33944954	2797.54347826	2545.62903226	2179.47486034	2347.01470588
alpha_rarefaction_3959_5.txt	3959	5	2400.83412322	2838.18340611	2533.06635071	2887.22907489	2826.72429907	2731.38028169	2462.86829268	2585.62679426	2920.11059908	2951.7260274	2659.9748954	2637.02538071	2697.13551402	2683.46551724	2339.85135135	2323.004329	2776.5462963	2397.51315789	2519.39325843	2990.08235294	2776.88412017	2621.1838565	2679.58333333	2667.10460251	2315.3317757	2402.27922078	2187.6507177
alpha_rarefaction_3959_6.txt	3959	6	2470.54545455	2845.49781659	2627.30102041	2726.5862069	2556.65086207	2927.03045685	2294.96875	2682.71957672	2875.46428571	2823.94117647	2904.88209607	2620.08522727	2968.17560976	2665.88372093	2399.51569507	2468.69396552	2634.2	2578.56132075	2792.69162996	2914.41568627	2960.1875	2531.91358025	2337.75454545	2659.59821429	2635.95959596	2250.63636364	2407.5862069
alpha_rarefaction_3959_7.txt	3959	7	2340.69194313	3027.32512315	2514.57591623	2930.63380282	2649.56	2886.67326733	2512.35096154	2645.43255814	2852.34509804	3118.61386139	2973.28205128	2503.32258065	2834.31696429	2891.45454545	2556.07142857	2459.23504274	2623.15068493	2529.63983051	2825.84051724	2720.86956522	2752.32653061	2557.26521739	2679.49456522	2800.53846154	2388.85714286	2156.0931677	2383.77102804
alpha_rarefaction_3959_8.txt	3959	8	2655.81407035	3009.27522936	2620.24242424	2627.95544554	2740.91071429	2748.68075117	2617.50943396	2543.23214286	2919.33624454	2901.02439024	2693.47933884	2448.1396648	2683.33333333	2560.94537815	2398.77966102	2538.63551402	3116.00465116	2719.62790698	2873.10729614	2910.31939163	3005.54585153	2844.07692308	2517.39	2788.60089686	2467.7804878	2311.13125	2413.56730769
alpha_rarefaction_3959_9.txt	3959	9	2361.63212435	2995.31428571	2484.82038835	2825.12903226	2667.05660377	2799.325	2587.26415094	2768.00490196	3007.76315789	2844.9380531	2779.56521739	2368.76530612	2957.91346154	2738.73300971	2423.87962963	2771.69483568	2664.48085106	2560.90789474	3198.04347826	2914.03731343	3065.4	2819.04265403	2652.89497717	2620.89189189	2356.04830918	2411.32075472	2348.46341463
alpha_rarefaction_7908_0.txt	7908	0	3123.5	3881.30973451	3335.60702875	3550.125	3681.38629283	4029.03092784	3479.77777778	3669.20677966	3509.38196286	3784.14826498	3665.55072464	3553.38846154	3448.79538905	3605.69354839	3072.65048544	3628.48571429	3550.69444444	3482.50892857	3887.99380805	3976.24581006	4109.84272997	3535.0	3563.40816327	3421.26822157	3124.45454545	2760.53703704	3026.85148515
alpha_rarefaction_7908_1.txt	7908	1	3313.91970803	3817.58333333	3521.08469055	3647.24528302	3555.97196262	3847.26595745	3416.11188811	3548.25	4065.55963303	3752.81976744	3942.99380805	3259.14776632	3724.97546012	3831.15151515	3123.03460208	3449.82208589	3819.37623762	3550.81372549	3778.93195266	4042.76470588	4229.37463127	3402.978125	3559.69491525	3326.91184573	3034.33774834	2935.72413793	3371.75384615
alpha_rarefaction_7908_2.txt	7908	2	3196.87719298	3917.15217391	3459.24923077	3792.37699681	3471.00294985	3917.78164557	3697.95255474	3626.38961039	3873.46646341	3831.16878981	3577.60344828	3207.65460526	3543.3141994	3454.61075949	3280.80139373	3554.16398714	3731.68456376	3753.67647059	3738.93957704	4135.44715447	4092.18181818	3689.45762712	3424.1629393	3698.69902913	3273.80487805	2873.724	3292.14893617
alpha_rarefaction_7908_3.txt	7908	3	3238.89097744	3893.54037267	3499.88741722	3618.05128205	3723.44408946	4140.01094891	3381.52068966	3527.31402439	3910.75	3698.13414634	3861.58682635	3484.74757282	3579.52873563	3507.56287425	3152.84858044	3441.21296296	3456.91212121	3585.01923077	3680.09863014	4101.52925532	4022.796875	3551.62616822	3525.55374593	3605.52857143	3175.01010101	2946.70588235	3232.86241611
alpha_rarefaction_7908_4.txt	7908	4	3159.81350482	4139.08823529	3552.34343434	3922.43343653	3622.24148607	4121.59375	3468.77238806	3495.77245509	3735.20911528	3651.15588235	3666.55932203	3328.68707483	3694.50824176	3595.41401274	3204.50331126	3306.48979592	3821.20952381	3635.09433962	3640.55932203	4105.2300885	4089.69400631	3418.7791411	3246.784375	3531.75308642	2988.375	3128.80737705	2914.98058252
alpha_rarefaction_7908_5.txt	7908	5	3194.01980198	4204.62341772	3583.8164557	3805.01869159	3881.36842105	3779.70707071	3342.49517685	3475.08823529	3966.25671642	3587.81415929	3703.15673981	3216.83552632	3582.39616613	3477.5	3198.56748466	3357.69369369	3483.89937107	3487.38135593	3779.9054878	4192.92835821	3907.22754491	3304.4202454	3412.55	3611.29080119	3383.94463668	2896.22426471	3208.77777778
alpha_rarefaction_7908_6.txt	7908	6	3259.97111913	4289.01857585	3522.98360656	3690.62931034	3562.44654088	3666.85126582	3592.61016949	3775.13636364	3778.48732394	3647.77419355	3711.42307692	3239.12456747	3705.29268293	3377.00309598	3240.43962848	3396.08615385	3923.30639731	3365.15976331	3644.8	4054.61764706	3946.78443114	3416.15309446	3548.73426573	3587.002849	3208.37627119	3194.06410256	3262.04301075
alpha_rarefaction_7908_7.txt	7908	7	3197.21428571	3851.01818182	3669.4981685	3633.79411765	3690.88856305	3775.50853242	3298.45723684	3532.28703704	3922.51724138	3767.33038348	3487.25277778	3479.8125	3678.45426829	3610.22408027	3054.52293578	3477.91419142	3681.5408805	3834.76094276	3595.60810811	4232.94690265	3973.66964286	3583.53608247	3327.89655172	3683.41176471	3224.13636364	3034.11673152	2997.5
alpha_rarefaction_7908_8.txt	7908	8	3494.25	4063.22408027	3690.94097222	3350.25	3614.08955224	4000.84053156	3788.98850575	3678.17973856	3891.0026455	3929.53225806	3627.44868035	3568.92057762	3601.11504425	3484.02236422	3257.14634146	3409.27002967	3738.73333333	3659.68404908	3720.12797619	4287.46368715	4108.13846154	3272.91768293	3296.93870968	3557.29113924	3233.41111111	2749.07636364	3225.45985401
alpha_rarefaction_7908_9.txt	7908	9	3544.40890688	4037.95098039	3540.83934426	3593.56369427	3733.34726688	4048.0	3673.78417266	3571.44761905	4064.75872093	3813.04472843	3666.92944785	3346.49134948	3677.38253012	3799.79069767	3226.2926045	3641.3137931	3756.51006711	3827.37847222	3723.31578947	4019.86538462	3886.38746439	3374.55882353	3675.72101449	3350.77445652	3115.87857143	2958.88	3314.22180451
alpha_rarefaction_11857_0.txt	11857	0	3899.12465374	4689.20238095	4078.23155216	4238.11253197	4244.20155039	4570.37801609	4033.73900293	4473.88203753	4718.74352941	4594.15384615	4490.86602871	3944.54696133	4147.49315068	4077.85233161	3561.24225352	3959.88349515	4303.26054591	4484.59473684	4491.28467153	4517.88453159	4869.8716707	4209.15041783	3873.50824176	3835.4295302	3743.12835821	3209.84699454	3642.13595166
alpha_rarefaction_11857_1.txt	11857	1	3947.87777778	4694.05898123	4208.875	4454.89147287	4260.72	4980.02777778	4204.45086705	4223.04724409	4489.71064815	4262.15801887	4663.75	4000.71311475	4542.94871795	3933.52685422	3593.10025707	3718.62745098	4375.28571429	4264.11111111	4372.69465649	5011.44186047	4814.5863747	3944.88585608	3887.00573066	3968.45971564	3649.66212534	3414.16320475	3784.375
alpha_rarefaction_11857_2.txt	11857	2	4028.8	4812.18320611	4122.61307902	3944.98547215	4486.73595506	4727.47058824	3918.76880223	4198.34196891	4302.8	4464.13192612	4340.34256927	3863.38935574	4292.48235294	4012.47772277	4034.58064516	3962.89655172	4145.14360313	4094.96341463	4435.23170732	4849.79254079	4701.5025641	4168.4464752	3791.76358696	3822.25	3659.66369048	3610.23778502	3747.63081395
alpha_rarefaction_11857_3.txt	11857	3	3828.05294118	4760.70769231	4039.43137255	4294.30051813	4118.16393443	4732.30252101	4301.35714286	4233.97506925	4292.38687783	4690.51030928	4313.38734177	4129.36434109	4163.63092269	4217.57446809	3791.97368421	3801.9097561	4220.73214286	4036.14285714	4428.47103275	4898.55555556	4737.49766355	4260.75	4058.83844011	3893.35520362	3901.71165644	3366.68955224	3499.94642857
alpha_rarefaction_11857_4.txt	11857	4	3723.55586592	4719.47029703	4236.94366197	4386.46969697	4435.90810811	4397.53887399	3872.01075269	4396.84916201	4594.06407323	4224.16037736	4291.26573427	3941.6637931	4278.01481481	4055.58121827	3595.97260274	3942.55702918	4119.3125	4136.05483029	4443.78692494	4742.17219917	4665.19306931	4198.27720207	3934.76470588	4184.30075188	3771.84682081	3245.13953488	3586.35608309
alpha_rarefaction_11857_5.txt	11857	5	4119.21148036	4935.67741935	4105.75277778	4508.31081081	4199.57037037	4825.45070423	4182.2300885	4042.70631068	4304.03191489	4424.14467005	4432.57673267	4174.28888889	4440.06349206	3950.24193548	3699.94736842	4039.2025	4453.43010753	4305.14099217	4247.25231481	5055.0278481	4685.88941176	4147.85416667	3799.13235294	3929.1292517	3667.72192513	3369.25	3556.5252809
alpha_rarefaction_11857_6.txt	11857	6	3940.42941176	5001.91735537	4115.59517426	4329.51435407	4405.42118863	4567.41025641	3834.90425532	4177.47074468	4341.00699301	4657.6631016	4195.22695035	3781.6819407	4185.76388889	4160.2027027	3891.38526912	4317.78830084	4243.58481013	4321.59848485	4144.72169811	4850.65217391	4714.01678657	3832.00241546	3932.01634877	4013.62439024	3852.22123894	3220.44875346	3593.1
alpha_rarefaction_11857_7.txt	11857	7	3937.875	4768.11627907	4015.66666667	4521.76190476	4388.57772021	4603.29041096	3752.54102564	4185.99184783	4163.8960739	4582.14136126	4466.03947368	4144.69565217	4195.375	4126.80487805	3619.90217391	3888.375	4288.43478261	4237.16793893	4199.52	4755.92380952	4570.10158014	4182.11568123	4286.82535211	4098.33253012	3449.8125	3497.83890578	3721.9009009
alpha_rarefaction_11857_8.txt	11857	8	3694.78186969	4620.02469136	4083.05555556	4469.74371859	4266.34473684	4723.90112994	4229.11111111	4020.46004843	4440.26470588	4413.72639225	4127.275	4205.13069909	4148.17889908	4252.77837838	3716.02932551	4135.09207161	4014.39088729	4306.00243309	4397.50721154	4999.42361111	4790.3760218	4356.82857143	3875.50276243	4093.55086849	3708.25779037	3022.00273224	3556.02459016
alpha_rarefaction_11857_9.txt	11857	9	3777.64345404	4545.67010309	4263.99132948	4037.50588235	4394.56544503	4717.76164384	4121.13832853	4355.75255102	4505.5261959	4213.22897196	4443.84073107	3816.12987013	4206.16377171	4011.20779221	3549.096	3973.0	4246.06845966	4133.9047619	4369.75757576	4926.89434889	4932.73529412	4076.59848485	4135.36263736	4165.49168646	3588.71469741	3191.88372093	3500.28205128
alpha_rarefaction_15806_0.txt	15806	0	4507.5	5348.33849558	4442.29251701	4866.64224138	5005.57756563	5500.61346633	4443.44917258	4674.00696056	4785.07058824	4997.09662921	4756.49677419	4632.96419437	4842.53363229	4621.04054054	4151.86548223	4451.64692982	4640.78289474	4790.44312796	4849.01330377	5352.57258065	5514.89397089	4685.08830022	4284.11086957	4396.48497854	4028.36069652	3595.35475578	3936.06234414
alpha_rarefaction_15806_1.txt	15806	1	4499.94919786	5269.4527897	4414.90214797	4769.14634146	5056.87185355	5257.36778846	4506.86118252	4765.53571429	4792.76970954	4990.84459459	4597.35403727	4262.39954853	4706.88105727	4651.46191646	4078.87214612	4238.56155508	4697.01392111	4832.54646018	4873.01342282	5244.69667319	5389.86680761	4446.40430622	4446.5	4225.38104839	4090.15970516	3704.98167539	3945.28101266
alpha_rarefaction_15806_2.txt	15806	2	4278.03836317	5264.10570825	4971.36895674	5172.12028302	4914.57377049	5347.80097087	4514.63968668	4764.01639344	4726.68639053	4977.9602649	4727.2185567	4383.15384615	4825.36069114	4404.25316456	4503.91922006	4515.74382022	4762.50678733	4495.23076923	4950.02178649	5454.34285714	5403.13157895	4613.05797101	4231.44186047	4509.55507559	4036.53365385	3526.6902439	4112.05263158
alpha_rarefaction_15806_3.txt	15806	3	4386.76578947	5192.77136259	4425.79591837	4611.49473684	4751.04827586	5200.78103837	4447.65789474	4594.03512881	4922.65662651	5108.15604396	4714.40757238	4378.94736842	4828.62443439	4722.40235294	4423.55263158	4404.42567568	4830.30839002	4580.53452116	4868.79141104	5287.90384615	5264.90105263	4801.31850117	4465.445	4387.83157895	3810.01369863	3419.13004484	3938.45026178
alpha_rarefaction_15806_4.txt	15806	4	4475.62771739	5343.46854664	4930.5971223	4747.61437908	5011.01873536	5075.00217865	4519.62278481	4911.04116223	4959.1402439	5003.72828508	4607.65263158	4316.03546099	4481.28026906	4548.52901786	4326.8125	4482.93863636	4529.0	4781.45754717	4792.93965517	5076.47058824	5338.83057851	4541.07888631	4464.78378378	4304.42424242	4155.44	3676.05370844	3942.78734177
alpha_rarefaction_15806_5.txt	15806	5	4386.61185984	5380.44155844	4221.9372093	4996.83561644	4611.92461197	5254.47058824	4894.86968085	4882.27586207	4777.90196078	4950.00215054	4831.14495798	4379.78571429	4815.24137931	4596.46860987	4155.88221154	4193.05117271	4655.47826087	4598.30162413	4739.80769231	4985.12453532	5572.55676856	4731.77860697	4327.32624113	4325.40764331	3942.98876404	3756.80314961	4076.74331551
alpha_rarefaction_15806_6.txt	15806	6	4365.30690537	5178.67287785	4533.50717703	4850.69361702	4599.94570136	5268.41304348	4358.4622871	4657.6056338	4822.69123506	4923.46241458	5032.74115044	4375.83333333	4739.96351931	4479.01059322	4290.0	4233.51374207	4849.80138568	4748.52293578	4582.65677966	5264.68401487	5617.67973856	4972.79	4457.26862302	4427.88865096	4180.42537313	3553.07142857	3995.84328358
alpha_rarefaction_15806_7.txt	15806	7	4454.98891967	5562.61084906	4555.63063063	4493.98742138	4857.52192982	5124.89150943	4373.38539043	4549.78571429	4714.90316206	4935.85714286	4853.52272727	4338.45138889	4918.37915743	4573.38940092	4172.68613139	4351.44748858	4493.58490566	4379.78343949	4751.3100616	5191.80239521	5239.06222222	4430.50707547	4654.18944844	4426.98426966	4174.49122807	3561.63703704	4157.13461538
alpha_rarefaction_15806_8.txt	15806	8	4390.04145078	5425.44827586	4313.36666667	4860.04656319	4989.99524941	5188.36658933	4702.33653846	4778.83490566	4992.52183406	4681.36997886	4643.71338912	4420.40601504	5091.78139535	4680.84931507	3901.85611511	4160.00862069	4707.7218543	4513.26351351	4776.44769874	5284.57287449	5382.93483146	4596.51415094	4499.06896552	4402.19444444	4052.88029925	3563.23170732	4057.61675127
alpha_rarefaction_15806_9.txt	15806	9	4300.671875	5489.55981941	4458.01973684	4746.88535032	5114.0	5180.2097561	4733.100271	4780.91293532	4842.68571429	5250.89782609	4810.23157895	4381.80320366	4772.88169643	4818.19109948	4210.44117647	4559.68546638	4867.17471264	4487.6581741	4780.68518519	5377.71779141	5545.13646532	4470.43340858	4005.71875	4236.34235977	4269.61597938	3646.65473146	3765.39851485
alpha_rarefaction_19755_0.txt	19755	0	4956.94061758	5738.18343195	5052.22222222	5175.78383838	5260.02087683	5632.09375	4825.15151515	4859.42105263	5116.56962025	5366.35629921	5060.63549618	4625.5862069	5150.4566474	4872.69117647	4396.33557047	4677.01956947	5068.96273292	4731.82758621	5176.3497053	5897.08876812	5965.40425532	4878.64484127	5000.30155211	4635.18939394	4247.44111349	3884.16304348	4321.80637813
alpha_rarefaction_19755_1.txt	19755	1	4688.125	6115.56521739	4906.6802444	5243.80851064	5644.43137255	5795.09896907	4823.50228311	5132.48024948	5269.90178571	5445.99031008	5018.96616541	4863.7	5253.51260504	4765.1838843	4530.60592255	4557.88818565	5063.81983806	4953.91715976	4942.58653846	5581.71604938	5564.57933579	5283.05099778	5029.03282276	4578.47672253	4490.09722222	3831.73535792	4298.58564815
alpha_rarefaction_19755_2.txt	19755	2	4989.74352941	6067.04268293	4977.12371134	5196.51089109	5275.52066116	5414.01008065	4972.57792208	5060.90506329	5162.25543478	5446.62580645	5272.4518664	4680.80603448	5103.93320236	4693.25204918	4440.92576419	4824.48490946	4983.0019685	4908.39679359	5210.94653465	5674.21317158	5933.83653846	4986.09533898	4517.93686354	4672.79038462	4602.00222222	3778.0237581	4192.49006623
alpha_rarefaction_19755_3.txt	19755	3	4732.04988124	6057.43855932	5075.53232759	5153.41941748	5208.63692946	5581.05894737	4704.85263158	5201.07592191	4965.86986301	5225.59448819	5635.1969697	4831.21276596	4962.8373494	4834.18383838	4400.42889908	4785.68828452	5074.84158416	4949.01915709	5442.0020202	5657.5819398	5999.77799607	4837.44488189	4835.5	4802.62321792	4220.83116883	3763.66090713	4194.05442177
alpha_rarefaction_19755_4.txt	19755	4	4612.91533181	5814.36206897	4789.71161826	4969.59537572	5306.76595745	5519.60594796	4737.61706783	5110.67849687	5304.14132379	5298.82669323	5331.50625	4676.95974576	5374.43478261	4930.93894737	4521.54415274	4807.73417722	5146.17729084	5105.06047516	5295.35112936	5766.81902985	6142.89765458	4897.70678337	4723.81528662	4567.52102377	4474.78139535	3731.53524229	4323.55847255
alpha_rarefaction_19755_5.txt	19755	5	4803.04845815	5909.39495798	4855.66666667	5141.71785029	5244.08723404	5458.3777336	4855.64782609	5197.88594705	5179.11713287	5294.05645161	5485.07128713	5032.48267898	4853.2096475	4890.50609756	4314.1875	4688.28458498	5227.25321888	5066.06614786	4980.61538462	6082.86153846	5668.65363128	5003.52202643	4899.52494577	4677.04752066	4607.55048077	4039.16511628	4196.25657895
alpha_rarefaction_19755_6.txt	19755	6	4779.12643678	5955.44787645	4980.74840085	4989.11153119	5202.50404858	5687.09355509	4874.64666667	5250.63580247	5391.15267176	5436.74390244	5249.82191781	4776.45733042	5201.98418972	4837.97575758	4397.88864143	4719.60085837	5093.19402985	5154.46357616	5264.64489796	5833.72222222	5696.02868069	4772.51829268	4818.76219512	4465.07142857	4265.81944444	3704.92948718	4353.02380952
alpha_rarefaction_19755_7.txt	19755	7	4812.02320186	5870.88930582	4779.95092025	5352.00198413	5312.75	5855.77440347	4819.10158014	4918.14750542	4993.53516295	5482.60362173	5137.15283019	4923.70344828	5060.27884615	5050.16993464	4374.05681818	4482.97727273	5292.75104603	5160.1872428	5094.006	5926.7166065	6148.57873211	4811.75876289	4892.17371938	4668.06138614	4243.41115702	3772.75982533	4543.18978102
alpha_rarefaction_19755_8.txt	19755	8	4691.08510638	5892.71616541	4888.40862423	5042.7679558	5272.52066116	5617.83924843	5319.11694511	4950.70247934	4986.8147482	5642.08523909	5519.86956522	4865.03340757	4880.19548872	5005.31983806	4410.48214286	4648.87234043	5244.80942184	4995.35257732	5044.417603	5639.30481283	5964.37159533	4918.79912664	4697.55364807	4718.13069307	4491.89102564	3614.82926829	4277.48291572
alpha_rarefaction_19755_9.txt	19755	9	4673.78489703	6255.5746888	4849.05776892	5161.38508065	5187.36619718	6165.49019608	4779.78876404	5034.01324503	5161.36944938	5321.052	5569.19491525	4762.07484407	5127.07228916	4736.875	4265.71527778	4766.24547284	5327.30490405	4704.70114943	5158.34608031	5470.27322404	5748.14337568	5180.65789474	4848.66815145	4669.56603774	4357.56415929	3752.56768559	4185.7016317
alpha_rarefaction_23704_0.txt	23704	0	4775.49382716	6619.32706767	5201.44444444	5585.06792453	5858.19556452	5871.89292543	5492.63973799	5693.07258065	5409.67676768	6033.37142857	5785.02075472	5129.07602339	5389.04869565	4967.05235602	4522.77079108	5036.50198413	5377.92238267	5597.79811321	5759.14913958	6345.3015873	6336.61202186	5181.47151277	5004.95481336	4773.40651801	4406.87134503	3980.40794979	4576.59410431
alpha_rarefaction_23704_1.txt	23704	1	5042.62446352	6073.02058319	5136.74903475	5440.47089947	5712.65731463	6081.73480663	5062.91983968	5317.45454545	5319.98701299	5868.55283019	5644.92641509	5243.72151899	5514.46	5317.40804598	4790.13276231	4705.39750446	5355.58928571	5257.35483871	5815.79491833	6215.93485342	6351.35523979	5197.70414201	4901.57743786	4816.61091549	4501.02024291	4168.29437229	4555.93023256
alpha_rarefaction_23704_2.txt	23704	2	5020.36075949	6361.95493934	5354.86363636	5639.2	5589.0295858	6477.31578947	5333.02079002	5610.73904382	5032.99099099	5593.29219601	5559.52962298	4957.07114625	5675.62840467	5297.99408284	4550.52024291	5201.91111111	5324.90282686	5392.13321168	5628.84358524	6117.51227496	6377.68181818	5230.60076775	4968.7524558	4585.69117647	4483.21084337	4035.2398374	4387.06100218
alpha_rarefaction_23704_3.txt	23704	3	4954.06666667	6221.40314136	5238.12476371	5500.71611722	5501.52125693	5958.62030075	5250.58108108	5394.73449612	5413.71092437	5873.05194805	5435.31090909	5102.58350951	5509.56088561	5184.21801802	4673.10240964	4994.82376238	5567.88571429	5074.65663717	5564.09625668	6109.44427245	6329.48421053	5405.02079002	5247.80664062	4587.91843393	4963.50228311	3977.7397541	4464.57763975
alpha_rarefaction_23704_4.txt	23704	4	4721.55125725	6407.84440559	5188.46857143	5032.91993186	5504.87698413	5867.14634146	5569.61016949	5332.95772059	5525.78494624	5801.50190114	5429.46797153	5166.13241107	5748.57003891	5287.19318182	4609.43887776	4917.17267552	5631.74096386	5083.32386364	5610.65045045	5913.48043818	6059.23089983	5220.08007812	5084.52545825	4878.90957447	4526.48255814	4022.44	4478.75156576
alpha_rarefaction_23704_5.txt	23704	5	4933.56570156	6241.61471103	5207.98348624	5167.56514382	5511.51247601	6319.2612782	5387.73809524	5459.63636364	5126.77814029	5898.34448819	5574.48243993	5291.85835095	5536.97353497	5188.30170778	4605.83539095	4923.21550095	5591.85767098	5108.54404145	5581.94444444	6155.92026578	6600.95963303	5463.09278351	5152.19924099	4871.69594595	4860.74031891	3898.22920892	4502.66666667
alpha_rarefaction_23704_6.txt	23704	6	4967.2	6180.7841484	5359.11218569	5238.74702886	5749.29708738	5801.25925926	5350.53452116	5744.19421488	5143.61201299	5662.38262477	5809.22702703	5245.36460554	5484.96089385	5331.80701754	4662.30674847	4986.45401174	5593.51185771	5057.34296029	5171.49913644	6232.63247863	6322.17086331	5206.88571429	5223.38461538	4621.92893401	4725.95112016	4079.03821656	4791.81062356
alpha_rarefaction_23704_7.txt	23704	7	4723.94871795	6272.43406593	5035.02890173	5311.88868941	5741.48023715	6363.03112033	4950.60557769	5427.38921002	5263.16589862	5772.23260073	5524.91651865	4972.04	5464.36785714	5207.0	4484.90909091	4870.91851852	5428.69667319	5368.7967033	5439.16939891	6461.13297872	6118.98961938	5286.52868852	5365.93147752	5033.45155709	4726.29957806	3995.00212766	4899.50232558
alpha_rarefaction_23704_8.txt	23704	8	5332.19290466	6101.91546763	5180.88990826	5505.75568182	5779.58	6428.75051975	5053.41923077	5557.51204819	5280.29318542	5671.49537893	5447.025	5047.93509128	5663.09022556	5145.66342412	4538.7804878	4830.03333333	5237.93333333	4984.51090909	5626.79549719	6062.62479339	6304.95907473	5193.5	5285.27878788	4823.04166667	4781.44060475	4032.9835729	4677.74353448
alpha_rarefaction_23704_9.txt	23704	9	5105.06100218	6000.48421053	5224.5	5326.61578947	5666.61904762	6003.18181818	5432.54468085	5623.65656566	5596.21783877	5843.10721248	5403.67207207	5261.02070393	5234.50551471	5330.66915888	4870.32911392	4887.14821764	5444.83653846	5108.26022305	5489.17241379	6330.47018739	6224.0591133	5198.21153846	5099.62330097	4939.64249578	4563.99175258	3866.66340509	4861.2091954
alpha_rarefaction_27653_0.txt	27653	0	5474.82278481	6782.35144312	5353.43123939	5584.03210273	5730.84070796	6340.17460317	5712.49094567	5994.72641509	5486.9689808	5876.25906736	5938.47974068	5227.56261343	5865.5483304	5321.76366843	4966.37698413	5213.91561939	5789.59800664	5478.14545455	5939.75856164	6398.03937008	6383.87864078	5646.61705989	5075.91891892	4840.95348837	4725.57471264	4060.7804878	4829.17463617
alpha_rarefaction_27653_1.txt	27653	1	5480.38157895	6445.14910859	5330.04504505	5597.88197767	5707.5	6410.88021779	5427.17973231	5855.73791822	5490.00738552	6013.40540541	5985.71859296	5433.91698842	5769.0016835	5542.41847826	4820.56214149	5171.37833037	5877.71813285	5861.54713494	5944.38271605	6332.953125	6510.02070064	5556.5	5325.11090909	4905.49242424	4881.18216319	3958.14028777	5020.9869281
alpha_rarefaction_27653_2.txt	27653	2	5160.05363985	6471.46511628	5361.88327526	5545.23913043	6159.00588235	6402.87845304	5764.9860835	5943.35490196	5599.24883359	6102.97152429	5933.81099656	5408.86206897	5998.22201835	5414.5	4972.0625	5255.87971275	5735.10344828	5453.50996678	5931.15465729	6415.90610329	6590.51010101	5639.33269962	5492.36538462	4975.93809524	4844.79852126	4108.41064639	4672.41082164
alpha_rarefaction_27653_3.txt	27653	3	5510.86393089	6812.80172414	5206.43123939	5701.71698113	5960.28085868	6671.9516129	5410.04081633	5807.19101124	5621.3086233	6229.7693662	5659.19897084	5522.04859813	5636.19080068	5445.68717047	4771.25660377	5073.29471891	5538.76732673	5283.73367698	6029.66606822	6383.8592233	6706.24957841	5724.99085923	5239.07692308	5030.09401709	4802.86749117	4036.63535912	4880.51975052
alpha_rarefaction_27653_4.txt	27653	4	5149.74609375	6780.08292683	5288.17875211	5488.29665072	5888.47661871	6407.44821429	5653.49537893	5928.80078125	5552.84952978	6136.3747927	5765.62790698	5170.74253731	5607.26712329	5510.45289855	5079.80785124	5131.48763251	5735.80310881	5371.73529412	6009.19715808	6515.98058252	6682.98076923	5648.38191882	5567.10721248	5082.62662338	4855.40973631	3958.34671533	4672.95679012
alpha_rarefaction_27653_5.txt	27653	5	5369.96975806	6664.74363057	5543.70181818	5500.55154639	6139.00735294	6509.84497445	5634.656	5498.62727273	5457.4641791	5920.82664234	5932.27319588	5231.92170819	5610.58227848	5434.09314587	4800.88362919	5251.99113475	5728.66834171	5358.64615385	5978.04232804	6213.97962154	6806.45986622	5627.48114901	5529.62376238	4868.20743034	4838.63385827	3945.75389948	5091.60135135
alpha_rarefaction_27653_6.txt	27653	6	5239.05761317	6434.77309562	5440.91872792	5653.35051546	5803.93356643	6605.33099825	5713.622	6035.70058708	5581.25613497	6159.99659284	5883.97948718	5302.36920223	5501.19745223	5649.42857143	4744.88571429	5081.47902098	5804.28151986	5618.68884892	5839.62038664	6316.17189836	6826.03448276	5638.76383764	5325.07088123	4925.61550889	4924.54805726	4031.05839416	4669.97260274
alpha_rarefaction_27653_7.txt	27653	7	5485.69037657	6519.62828947	5336.73591549	5630.78382838	5857.42307692	6425.90107914	5709.0498008	5791.67590988	5516.09968847	6219.15625	5792.23440135	5635.65354331	5762.2218543	5317.45259392	4637.29135338	5284.21119134	6021.85863874	5322.70792079	5770.81001727	6496.30645161	6762.01025641	5336.09481216	5238.93559928	4948.89465154	4738.01492537	4046.64	4782.5908142
alpha_rarefaction_27653_8.txt	27653	8	5052.55397149	6736.50159236	5373.546875	5511.62805873	6061.82022472	6461.13043478	5650.21468927	5899.20309478	5422.55737705	6128.125	5786.33224223	5272.32391714	5976.00189753	5590.11985019	5017.97946612	5411.17669903	5669.62678571	5607.63243243	5871.37096774	6882.98302207	6792.11413969	5801.58858268	5161.28390597	4902.72115385	4782.10037175	4115.05325444	4969.8336933
alpha_rarefaction_27653_9.txt	27653	9	5174.68136273	6745.73720137	5444.46515679	5768.15689655	6098.32391714	6338.17086331	5841.27755102	5726.47785978	5725.49697885	5739.22553897	5912.72081218	5387.9631068	5647.49009901	5384.20530973	4635.75746269	5193.36715867	5854.4	5355.10752688	5923.0	6175.3928036	6869.89464883	5769.76136364	5292.21942446	5008.67713787	4570.4516129	3989.21978022	5123.25
alpha_rarefaction_31602_0.txt	31602	0	5563.36090226	7155.12654321	5572.79695431	5798.98703404	6178.04713805	6868.52272727	5783.12137681	6378.72943327	5811.21007194	6404.61158433	6118.45616883	5619.45167286	5976.025	5551.91368078	4815.45689655	5190.28877888	6191.07986689	5564.83636364	6164.99492386	6592.60089021	6805.66153846	5486.95486111	5631.11808118	5087.48148148	4898.08617594	4275.25323475	5056.71673004
alpha_rarefaction_31602_1.txt	31602	1	5715.37328094	7190.18380062	5566.22442244	6221.40991736	6236.39652174	6702.02083333	5981.05214153	6167.31962617	5614.75494673	6470.92647059	6221.77580645	5645.06055363	5698.83333333	5516.24115756	4958.92222222	5303.6894198	6105.60169492	5512.99511401	6141.5859375	6711.13304094	6810.91616766	5733.70462633	5441.72473868	5139.9456	5026.08	4107.96703297	5203.88798371
alpha_rarefaction_31602_2.txt	31602	2	5790.27789047	7027.58435583	5706.39700997	6017.67138365	6416.52604167	7151.78633975	5955.1669627	6293.78544776	5869.32072617	6306.83783784	5950.0	5618.35517241	5931.38016529	5926.78534031	5033.66914498	5286.48402556	6060.55960265	5614.17558528	6067.80560132	6753.77272727	6689.80147059	6068.86535009	5545.43243243	5051.80914826	4842.09747292	4188.22634508	5195.2597137
alpha_rarefaction_31602_3.txt	31602	3	5482.46271511	7039.9398827	5650.6365105	5745.73783359	6443.02617801	6949.93150685	5468.34402852	5963.74226804	5693.63971631	6651.05084746	6097.96979332	5307.3641115	5785.9468599	5501.97068404	4876.32867133	5365.95084746	5968.88758389	6036.65268456	6317.72340426	6565.13782991	7205.02463054	5685.54855196	5540.28282828	5110.56083086	5378.0060241	4148.01041667	5183.38104839
alpha_rarefaction_31602_4.txt	31602	4	5618.38921002	7098.06933744	5537.25490196	5812.26022913	6128.17826825	6595.45320197	6132.04469274	6331.18181818	5839.90801187	6324.48214286	6227.04819277	5607.19378428	6191.33790738	5567.38230384	5007.23132969	5398.61326861	5945.89525368	5558.72391653	6146.64851485	6896.93488372	6956.59192825	5720.84899329	5432.0017094	4995.00902256	5074.37735849	4069.23344371	5133.95918367
alpha_rarefaction_31602_5.txt	31602	5	5377.7027027	7121.432	5508.8015873	5787.41717791	6172.91836735	6688.59075908	5750.55555556	6381.99462366	5698.40141844	6290.63536776	6102.46078431	5340.07534247	5986.53367876	5544.01003344	5083.25426945	5637.54115587	5851.01666667	5640.19095477	6256.17252931	6859.83486239	6815.88018433	5578.16433566	5797.95826087	4990.47653959	5002.25985663	4246.08888889	5151.71161826
alpha_rarefaction_31602_6.txt	31602	6	5335.57251908	6866.31386861	5720.27826087	5963.74725275	6445.52604167	6904.0102916	5887.83941606	6052.28990826	5800.0	6437.89064976	6073.35443038	5332.58003442	5746.91437803	5829.61005199	4996.56766917	5327.26450512	5825.62557781	5610.66502463	6259.49102773	6817.16393443	7009.17546584	5719.36177474	5470.52941176	5093.23867069	5106.89811321	4188.18229167	5216.9760479
alpha_rarefaction_31602_7.txt	31602	7	5614.6353167	6906.43057722	5860.41847826	6050.04395604	6453.52622378	6499.69242902	5874.78870674	6414.25423729	5716.02503477	6357.14583333	6122.86804452	5746.98421053	6160.35234899	5656.53050847	4955.6697417	5349.10483871	6069.26368159	5698.17666126	6118.72039474	6440.62962963	7127.8015873	5905.4375	5506.0411449	5057.66510903	5222.79330709	4214.20072333	4908.89939638
alpha_rarefaction_31602_8.txt	31602	8	5847.85714286	6906.44869832	5632.58899676	6274.88235294	6378.76470588	6972.57142857	6060.08196721	5940.70103093	5623.95886525	6167.23327896	6165.44481605	5479.82631579	5882.32850242	5645.82401316	5045.09236948	5264.76020408	6218.5061296	5677.51607717	6288.16777409	6554.76462396	7006.0446571	5854.19512195	5643.03684211	5160.40342679	5026.35963303	4147.11578947	5078.57289528
alpha_rarefaction_31602_9.txt	31602	9	5629.11708253	7011.79638009	5688.82142857	5930.28618421	6321.85448393	6596.21350078	5703.65045045	6202.28869565	5633.89361702	6506.27018122	5788.6448	5457.56779661	6005.85761589	5398.79411765	4854.3943662	5371.42857143	6187.57291667	5731.94480519	6183.25993377	6907.24700599	7149.0494012	5792.44809689	5692.88256881	5075.30652504	4880.34380776	4135.00174216	5315.20987654
alpha_rarefaction_35551_0.txt	35551	0	5626.67231638	7232.48725637	5748.3015873	6079.6404321	6610.94243421	6990.77403846	6040.76804124	6381.31198686	5999.61360544	6627.609375	6424.82108626	5760.62790698	6017.91766467	5681.58153846	5008.76	5504.64169381	6120.39083969	5922.26635514	6665.01733102	6992.91712707	7017.59397418	5952.45	5691.63333333	5226.44709389	5231.02925046	4196.55665025	5186.18867925
alpha_rarefaction_35551_1.txt	35551	1	5679.46028881	7393.71030641	5836.52108434	5971.70215827	6734.99342105	6925.98798799	6225.33050847	6236.29010239	5966.2	6509.65151515	6650.9442623	5844.31986532	6008.85106383	5822.61897356	5222.65804067	5230.4400607	6049.79326923	5860.9138756	6584.624	7349.22693997	7144.85190409	6002.27272727	5858.875	5189.1734104	5015.67741935	4193.79545455	5213.98091603
alpha_rarefaction_35551_2.txt	35551	2	5606.63333333	7615.03106509	5729.57902973	6092.89301634	6492.31974922	7243.55405405	6143.21008403	6141.82714055	5930.46521146	6603.91679507	6615.0048	5652.74598071	6192.29297459	5560.70153846	4959.80034423	5437.72347267	6364.89070147	6024.02512563	6482.24433657	7225.76300578	7351.59482759	5922.46217105	5947.47563025	5149.95415473	5210.45876289	4112.85805423	5242.29357798
alpha_rarefaction_35551_3.txt	35551	3	5807.63636364	7118.30884558	5685.61526718	6124.10631741	6677.26058632	7230.10450161	5908.05741627	6090.30618893	5727.00385604	6680.34206219	6262.4976	5849.02622378	6289.0015873	5724.03255814	5053.65651438	5542.48298217	6132.29666667	5623.89705882	6493.91653028	7138.65739385	7138.47368421	6079.87179487	5813.60650407	5152.65	5159.40421793	4224.61865794	5208.43327239
alpha_rarefaction_35551_4.txt	35551	4	5731.49723757	7205.53305204	5741.66085578	5953.85714286	6667.0787037	7008.25574273	6037.37603993	6396.38851351	5792.87549148	6455.24237805	6725.29032258	5798.62101911	5981.13615734	6017.25247525	5285.14391144	5599.67880795	6171.01587302	6028.8807947	6270.72307692	6748.54618474	7149.67776097	5836.60930233	6002.14285714	5227.0216763	5252.56620209	4182.78405316	5543.53177966
alpha_rarefaction_35551_5.txt	35551	5	5735.10091743	7503.8008596	5919.03286385	6063.37556561	6320.07142857	7090.08607199	5759.46263345	6471.7885906	5912.13182423	6531.11532625	6107.88163885	5713.512	6010.5	5791.55901639	5158.15711645	5316.91818182	5898.60648148	5809.25508607	6320.42990654	6935.63774105	7095.73224852	6257.26020408	5928.3122807	5357.12946429	5438.88372093	4248.0	5266.61869159
alpha_rarefaction_35551_6.txt	35551	6	5921.7967033	7191.12	5929.44805195	6307.05801527	6747.37931034	6987.86175115	6027.03169014	6615.2972973	5762.48226018	6451.33437014	6406.39456869	5472.92990654	6232.76168224	5993.14778325	5154.17335766	5633.62264151	5901.16129032	5900.27491961	6760.78595318	7058.60667634	7395.22478386	5972.36967632	5870.53109244	5122.40620592	5157.25468165	4238.05882353	5282.87159533
alpha_rarefaction_35551_7.txt	35551	7	5672.04477612	7414.82242991	5725.31729323	5999.04512373	6516.76588629	6864.15671642	5984.45111492	6559.34067797	5943.78541953	6216.6875	6301.11504425	5536.512	6078.50152905	5638.71543408	5027.96891192	5614.20695364	6028.64207221	5975.58823529	6354.40740741	6954.7	7437.26348228	5934.09856916	5685.63513514	5162.16642959	5063.50082645	4265.03608247	5194.63291139
alpha_rarefaction_35551_8.txt	35551	8	5656.38219895	7197.77810651	5764.2	6099.76565008	6625.29353234	7415.8592233	5858.44816054	6594.71428571	5948.59716312	6514.72859451	6456.19738989	5749.00487013	6108.44600939	5685.36842105	5262.16939891	5459.40255591	6297.90015601	5565.28550512	6214.80389222	6925.1943662	7694.66718507	6038.91145833	5672.07407407	5113.59574468	5170.8492201	4186.6875	5464.38791423
alpha_rarefaction_35551_9.txt	35551	9	5747.04089219	7114.70149254	5830.48678072	6210.76205288	6714.81444992	7346.29047619	6121.06183746	6295.92471358	5940.66801619	6554.90327613	6360.43987823	6081.21126761	6180.57476636	6014.65282392	4945.7382199	5543.87258065	6333.77863777	5793.80900621	6673.41543514	6949.39859155	7428.1372549	5858.76	5753.8637138	5156.80719424	5241.14721724	4132.29228243	5253.56472795
alpha_rarefaction_39500_0.txt	39500	0	5974.07867133	7301.41304348	5898.70484581	6149.7754491	6845.14910859	7024.59574468	5911.39308176	6835.01669449	6167.87548139	7120.44925373	6550.23338485	5953.35351882	6337.80873494	5754.30325444	5178.00670017	5531.59594384	6221.475	6055.19369369	6527.48952096	6984.24314214	7650.76062323	6096.00458716	6152.0034662	5236.90625	5182.17285945	4259.5	5278.89291883
alpha_rarefaction_39500_1.txt	39500	1	6122.58243728	7538.60210804	5847.06617647	6254.24827586	6718.83911672	6988.59527121	6109.13245033	6511.82296651	5894.82352941	6549.26589595	6470.43786982	5764.60150376	6640.03414634	5712.82778582	5124.47169811	5570.98652695	6056.00425532	6117.70454545	6850.71908397	7115.0	7577.5	6178.35472973	6162.85353535	5265.14555256	5456.57829181	4252.68037975	5483.45192308
alpha_rarefaction_39500_2.txt	39500	2	5854.86138614	7201.14112903	5961.60148148	6516.31934033	6893.69131833	7295.76470588	6083.65366615	6670.18813559	6050.28971963	6751.94954128	6611.67732558	5657.55021834	6337.71517028	5844.20148148	5223.9738676	5672.32876712	6333.64071856	6277.515625	6818.0015873	7203.70539419	7737.50821918	5787.11346445	5980.75	5141.92587776	5196.06322795	4252.68037975	5647.47916667
alpha_rarefaction_39500_3.txt	39500	3	5856.45439189	7238.43918919	5847.09663866	6224.56756757	6790.97723824	6927.44521498	6109.43492586	6489.95454545	6193.11657303	7021.00153846	6631.84693878	5926.392	6339.47238372	6033.95865237	5156.83495146	5669.11764706	6223.41304348	5856.15350877	6547.61984733	7366.33933518	7494.68587896	6295.62870515	6096.00647249	5160.54098361	5279.2897351	4251.07740916	5585.68667917
alpha_rarefaction_39500_4.txt	39500	4	5843.10909091	7359.47019868	5842.12357955	6301.06437126	6795.30926217	7402.86705202	6394.11578947	6722.13471503	6062.07365439	6662.18130312	6480.35430917	5899.88424437	6207.6632948	5810.53892216	5292.28368794	5687.1633888	6348.56814701	5960.475	6673.42325581	7165.18548387	7285.57201646	6260.66666667	5906.27868852	5215.93681319	5513.38860104	4252.68037975	5351.37753223
alpha_rarefaction_39500_5.txt	39500	5	5926.37172775	7389.53371593	5886.83834049	6398.12482066	6891.69953052	7326.32225434	6145.3492823	6735.63541667	6121.21789883	6615.70434783	6428.80060423	5914.18110236	6489.2734139	5848.53917051	5275.88561525	5855.19435737	6178.01549296	5860.83916084	6545.33587786	7533.08959538	7201.51599444	6160.24760383	6189.11616162	5206.39765319	5156.08674304	4252.68037975	5400.52
alpha_rarefaction_39500_6.txt	39500	6	5930.10362694	7453.5742025	6079.0625	6238.83505155	6853.57635468	7157.75138122	6147.66556837	6706.96779661	5904.10025707	6683.36507937	6435.01449275	5733.15246637	6070.10204082	5846.98328267	5104.53465347	5764.51980983	6375.83055976	5920.20203488	6459.40469208	7111.04189189	7398.27837838	6166.4587156	6204.03349282	5197.76744186	5538.51313485	4252.68037975	5650.91851852
alpha_rarefaction_39500_7.txt	39500	7	5858.55593804	7757.51408451	5818.16430595	6354.7537092	6806.30926217	7544.04099561	6340.95205479	6884.49649123	6047.67277487	6803.84360902	6832.91601866	5864.5046729	6396.58762887	5751.75142857	5101.4267101	5748.67021277	6647.3221374	5987.44108761	6567.37716763	7171.60704961	7622.34745763	6306.55339806	5994.2358643	5161.53248408	5125.72859451	4256.08399366	5407.68141593
alpha_rarefaction_39500_8.txt	39500	8	5808.20792079	7626.52468265	6001.15174507	6170.87737226	6811.13483146	7140.56444444	6397.86971831	6479.31661442	6042.2479564	6684.1518797	6563.92036753	5884.50381679	6256.27857143	5831.0877193	5146.63513514	5699.86574074	6419.38320611	5789.73868613	6447.07879656	6974.38082557	7585.82036775	6185.8319739	6071.38263666	5288.4789916	5151.69828927	4256.08399366	5447.70758123
alpha_rarefaction_39500_9.txt	39500	9	6204.19408503	7365.6620306	6050.42396313	6279.5810219	6678.74537037	7140.62014388	6193.04975923	7022.60036166	5926.95489691	6833.38709677	6451.68539326	5748.66307692	6215.43191801	5919.14864865	5385.76124567	5706.95813205	6472.75233645	6137.3489426	6712.75	7186.24016282	7633.44645341	6042.39939486	5755.50847458	5217.07927677	5312.15789474	4252.68037975	5370.79895105