	sequences per sample	iteration	515rcbc21	515rcbc17	515rcbc34	515rcbc33	515rcbc31	515rcbc15	515rcbc26	515rcbc22	515rcbc37	515rcbc24	515rcbc18	515rcbc35	515rcbc11	515rcbc27	515rcbc13	515rcbc9	515rcbc28	515rcbc23	515rcbc16	515rcbc19	515rcbc29	515rcbc14	515rcbc10	515rcbc8	515rcbc25	515rcbc36	515rcbc32
alpha_rarefaction_10_0.txt	10	0	3.39628	3.91416	3.54868	3.78805	3.44163	3.98122	3.15468	3.96924	3.74891	3.3331	2.5367	3.42601	4.57948	3.40772	3.94224	3.90466	2.9698	5.05845	3.81026	4.18925	3.95574	3.46839	4.7106	3.12657	3.43109	4.6389	3.6248
alpha_rarefaction_10_1.txt	10	1	2.83557	4.89572	4.91875	3.71428	4.71056	4.74139	3.70865	2.58228	3.28186	4.83555	3.10598	3.62784	3.19681	3.377	3.12283	5.16302	3.8779	4.23064	2.85146	3.19453	3.07912	4.31119	3.15881	3.4059	4.18447	4.82731	2.7078
alpha_rarefaction_10_2.txt	10	2	3.16998	3.52355	3.40752	3.31122	3.36517	4.15751	3.99993	3.02175	3.89212	4.43075	5.04532	3.09042	3.56585	3.62336	2.78513	3.84433	3.89222	3.12075	3.21853	3.35557	5.0758	4.07417	3.1327	3.18504	3.61984	3.70716	3.58083
alpha_rarefaction_10_3.txt	10	3	4.3024	4.15461	3.94106	3.9368	3.41318	4.62249	3.83463	3.69187	2.96403	3.6301	3.44119	3.51934	4.58529	3.27407	3.54818	3.0541	2.93716	3.95495	4.25027	3.7791	3.91252	4.20586	3.26632	4.33112	2.84827	2.99833	4.36518
alpha_rarefaction_10_4.txt	10	4	2.99301	2.92572	5.10611	3.07151	5.45281	3.21306	2.81854	3.57114	3.49067	3.53204	5.45098	4.85255	3.76467	3.83709	4.42031	3.1801	3.93506	3.12098	4.47563	3.68075	2.68956	3.77862	3.969	3.07369	2.69905	3.34769	3.87061
alpha_rarefaction_10_5.txt	10	5	4.17462	4.08142	3.66814	4.00222	3.22641	4.06974	4.08252	4.46796	3.72218	3.05101	3.62887	3.0344	4.65345	3.40202	3.77689	3.98324	3.98619	4.93593	3.21619	3.35615	4.33275	4.04008	3.53197	4.43638	3.50019	3.08783	4.35231
alpha_rarefaction_10_6.txt	10	6	4.39247	4.03129	3.66207	3.01973	2.52599	3.23844	4.51149	3.89917	4.25479	3.9413	4.22188	4.08401	3.89957	4.42796	3.7384	2.96722	2.99113	4.71946	4.4913	4.66106	5.45002	4.40505	3.58878	3.08069	2.62589	3.39409	3.57737
alpha_rarefaction_10_7.txt	10	7	2.78411	3.41015	2.86487	4.34497	3.93658	3.4432	4.30308	3.28608	3.85095	3.62913	4.31554	4.40572	2.965	3.46255	4.37951	3.83366	3.89226	3.7597	3.10418	4.25106	3.82282	6.11812	3.92004	2.72216	4.00076	3.56386	3.35323
alpha_rarefaction_10_8.txt	10	8	4.05047	4.16945	4.01322	4.63435	3.66247	3.51349	2.96974	4.22574	3.44231	3.72674	4.59055	4.08688	3.85611	3.89884	2.92431	4.0659	4.35611	4.43808	3.43201	3.98141	4.26291	5.66042	3.17414	2.49401	2.23068	3.53534	3.32369
alpha_rarefaction_10_9.txt	10	9	2.91577	4.62661	3.89249	3.4982	2.77236	3.83167	3.69589	3.48566	3.84474	4.44871	3.32313	2.73297	3.52928	3.92467	3.29556	4.71167	3.45305	5.12289	3.44978	4.61865	4.61739	3.48282	3.0706	3.0936	3.6157	4.18567	4.1052
alpha_rarefaction_3959_0.txt	3959	0	119.28775	126.27884	119.77316	118.35236	116.64525	121.15612	114.82502	123.45291	128.17681	125.28458	126.05104	110.69182	117.12891	122.96899	119.08878	124.52623	120.36533	123.74142	115.29388	130.38115	122.34606	129.48016	114.39665	119.07415	109.52884	98.60453	112.44778
alpha_rarefaction_3959_1.txt	3959	1	121.95516	124.91986	119.94449	120.53633	113.40279	120.80219	117.10138	122.13197	129.34486	121.96175	124.53222	112.59637	120.96342	123.36063	120.79147	120.96711	124.31154	124.72128	118.11052	129.65301	128.64736	124.63804	114.41075	117.26259	111.99352	99.33902	114.53104
alpha_rarefaction_3959_2.txt	3959	2	115.92961	122.67745	118.55946	118.30231	116.30617	116.05315	121.95357	125.12796	125.12955	123.59505	126.88541	117.04623	123.00857	119.39227	118.48401	121.38871	124.18386	123.80871	122.10643	128.9383	125.96725	123.07932	113.30645	117.99236	109.55537	101.43721	113.61403
alpha_rarefaction_3959_3.txt	3959	3	120.92172	123.99467	117.93064	119.1595	115.53977	121.04986	115.15692	122.80341	128.51757	122.07465	124.51471	116.01368	116.01239	118.54829	119.30066	122.2838	122.41503	123.9151	116.759	130.61223	123.6231	127.18734	115.38184	119.03675	111.71527	101.32839	111.03933
alpha_rarefaction_3959_4.txt	3959	4	114.23494	119.16858	117.6127	118.6561	113.07271	122.1073	121.67167	119.92196	124.91518	126.92516	126.83456	111.15847	121.10678	121.50896	119.4721	118.58562	127.63184	122.4273	120.52004	131.46884	124.73724	123.94532	114.22398	118.72108	108.89241	101.11435	108.50979
alpha_rarefaction_3959_5.txt	3959	5	121.89648	126.47212	119.70677	121.70756	112.70264	120.93615	120.50656	120.25013	124.76957	126.49655	125.57259	116.73775	116.7253	125.58214	120.73801	118.48813	120.11365	122.28547	116.20582	126.6658	123.18236	126.90878	113.51555	121.01648	109.72966	101.59017	107.97859
alpha_rarefaction_3959_6.txt	3959	6	122.8066	127.25642	119.50619	123.17806	115.64846	122.21451	117.54025	119.65209	123.67519	124.41285	125.4056	112.08332	117.02384	122.08764	119.81561	122.13064	123.24928	121.61706	118.40968	129.23896	127.3508	126.81939	114.89364	115.48605	116.14046	100.02842	111.98327
alpha_rarefaction_3959_7.txt	3959	7	119.22913	122.23381	114.85941	121.75267	113.13371	121.10804	118.29313	125.71452	127.01536	125.74447	130.02205	111.21626	123.37186	123.7902	122.65076	122.51859	124.35975	123.19464	119.77768	125.09643	122.57568	126.90935	112.75934	115.49591	107.99647	98.52278	112.97352
alpha_rarefaction_3959_8.txt	3959	8	120.60244	122.49564	120.51988	116.12668	116.2484	119.61401	118.33723	121.35017	122.68493	124.30633	122.82607	109.78952	119.32448	122.3294	119.59244	118.54908	128.96035	124.45286	122.0473	130.70672	126.89955	125.1181	112.08395	116.76085	111.84461	103.13363	112.87097
alpha_rarefaction_3959_9.txt	3959	9	117.69786	124.01712	119.49698	119.69728	112.39478	120.30103	120.74668	126.98131	126.43873	125.33028	125.01054	111.36023	121.11963	119.35798	122.6578	121.32851	126.4573	124.09714	119.46245	127.84252	125.13228	125.41649	116.29398	122.58252	111.8503	104.16787	111.06195
alpha_rarefaction_7908_0.txt	7908	0	154.73201	161.70356	153.65769	156.51322	153.51883	158.95637	149.63927	156.12238	161.24137	162.3253	160.18577	146.55162	155.45449	154.85061	153.66489	153.09856	158.53951	159.66586	152.75001	166.38459	165.79856	157.17625	150.11583	150.48586	138.33461	128.98526	141.94086
alpha_rarefaction_7908_1.txt	7908	1	156.79783	156.24019	153.64371	158.29733	148.39065	156.25097	150.56856	158.36852	166.09511	160.87903	161.7551	142.92519	155.50106	157.07052	149.89231	155.85241	159.21508	156.06459	156.426	164.64237	167.47542	157.41914	151.40958	151.35263	138.37107	131.491	143.69536
alpha_rarefaction_7908_2.txt	7908	2	152.57795	163.69597	156.37685	157.07315	150.58152	161.53031	156.63448	159.67771	160.91941	157.48757	161.93658	148.28023	152.66418	152.63111	150.87288	155.41344	158.38452	162.31175	153.85914	171.74049	161.15627	160.5104	148.28737	153.30534	141.98598	131.12459	144.44523
alpha_rarefaction_7908_3.txt	7908	3	152.47633	164.92261	153.93684	156.00902	152.89309	155.73572	151.27204	159.61523	164.23165	158.12162	162.96383	149.4513	158.13107	156.29067	153.15835	153.81135	159.50197	156.50384	154.84212	168.83556	163.68533	162.67922	146.9744	153.06065	140.65334	134.35761	145.74947
alpha_rarefaction_7908_4.txt	7908	4	158.52057	162.59586	153.58009	157.50845	150.70885	162.5819	148.68982	158.27039	164.57819	158.25923	162.48204	149.45955	157.95773	154.80896	152.1338	156.08475	162.57681	158.17209	155.53521	165.51889	163.24996	156.61521	145.2212	154.59893	141.51019	130.86683	141.71447
alpha_rarefaction_7908_5.txt	7908	5	154.3649	167.52377	160.13725	156.27235	150.21324	155.92981	153.4966	155.99024	162.27014	159.0321	160.06048	145.73298	153.50038	152.52758	155.53117	157.29131	154.32733	160.827	154.74895	167.25882	162.94625	159.55702	145.50569	151.51044	144.13203	129.37793	142.90791
alpha_rarefaction_7908_6.txt	7908	6	154.2301	165.73765	155.89416	156.42055	152.6269	158.66206	152.65403	158.26715	162.75444	157.74524	160.35729	145.06797	158.58379	152.77298	157.08388	156.22347	160.2576	156.90822	155.14687	165.82122	163.08133	156.24219	143.10694	155.58282	143.24985	130.61842	144.6546
alpha_rarefaction_7908_7.txt	7908	7	153.84728	159.99711	154.10934	156.42334	150.34421	153.71868	151.882	156.18702	163.00211	161.26321	160.3327	143.55689	156.19179	154.17453	151.44965	151.4754	159.95791	162.72052	153.55547	169.10019	161.66928	159.64072	142.99159	152.49277	143.15082	130.27479	137.89236
alpha_rarefaction_7908_8.txt	7908	8	154.1872	160.59173	155.06253	155.76778	149.33969	160.81236	154.36384	158.80101	165.54286	158.74373	159.97827	147.86275	155.68334	153.50593	150.20006	159.16929	162.099	162.61541	151.45736	168.65758	164.02455	156.9095	148.26349	150.30855	141.59093	131.73198	140.81014
alpha_rarefaction_7908_9.txt	7908	9	153.44367	161.85457	155.44994	155.3396	150.49289	155.81861	152.6429	162.46018	164.39661	160.53546	159.57994	148.62386	155.88581	158.64266	155.63522	155.85711	161.72425	161.60184	148.58035	167.73239	167.21639	157.53622	147.17615	152.91887	140.91905	130.40162	144.32961
alpha_rarefaction_11857_0.txt	11857	0	181.40645	188.29147	180.52585	175.75108	170.90016	183.32087	173.00496	185.14516	190.45669	185.04257	186.91829	169.32803	180.77051	175.97611	171.17319	177.52114	184.58152	185.95525	176.6727	189.54116	191.43505	181.52137	164.86223	173.27238	161.70698	150.36185	159.4154
alpha_rarefaction_11857_1.txt	11857	1	180.46146	184.03628	177.91706	180.35408	172.83153	185.94121	175.94868	184.39047	190.58699	185.03749	186.03767	172.58106	179.2593	177.40376	175.8206	175.73347	181.70601	182.08537	177.27419	195.74902	188.45686	181.45412	166.71622	176.27095	162.48799	151.31923	163.02744
alpha_rarefaction_11857_2.txt	11857	2	177.60436	190.23223	176.90235	177.66048	174.09992	183.4826	168.46609	181.07655	189.3853	183.71938	186.46881	167.685	179.45051	175.70275	177.70621	177.55295	181.56285	181.70178	176.34764	196.09748	187.07083	184.11508	164.52792	175.36304	159.92179	153.72895	167.21579
alpha_rarefaction_11857_3.txt	11857	3	180.21356	192.60488	174.49218	179.62537	175.0112	186.32851	174.92349	178.58802	188.33983	186.98976	183.81776	172.17909	177.23386	177.85581	174.64169	175.85643	182.71165	178.33525	178.03782	195.21522	188.99311	183.43189	165.25768	176.69727	160.74624	152.73911	163.40306
alpha_rarefaction_11857_4.txt	11857	4	174.72094	188.77407	178.50562	180.68304	171.01398	181.40586	175.81972	183.02338	188.85198	183.04857	187.17012	169.38557	180.2835	177.79245	175.86951	175.27895	181.72487	178.91168	179.12675	193.87839	188.09909	183.18298	170.67234	173.40922	162.06165	148.46802	162.76092
alpha_rarefaction_11857_5.txt	11857	5	180.09618	189.89467	176.64233	177.82248	175.0322	186.02321	176.42209	182.32665	188.36002	181.63322	185.30872	166.33566	180.99316	176.39265	173.75821	177.74229	181.66207	184.90329	178.86141	193.71507	191.28791	183.55933	169.44869	174.89885	163.59681	152.5103	164.79628
alpha_rarefaction_11857_6.txt	11857	6	175.69678	186.12428	178.69387	183.28223	174.83008	183.22874	173.49698	179.89845	184.7183	183.71341	187.67122	168.52838	178.29262	176.45015	176.21019	179.05631	182.57554	182.82022	174.02811	193.36033	193.03048	180.80361	164.39842	173.27919	161.35023	151.74612	163.45523
alpha_rarefaction_11857_7.txt	11857	7	176.94534	187.8584	175.63378	178.37883	174.32556	180.22133	175.40642	178.91006	185.3301	186.2754	186.42042	173.93777	177.72928	176.99004	176.23371	179.73493	182.27796	183.44696	176.14444	189.77144	189.18097	184.88035	170.54826	173.6543	159.92499	152.86907	164.90395
alpha_rarefaction_11857_8.txt	11857	8	176.30726	187.31265	177.33756	179.56329	176.10443	183.43946	177.10349	185.31849	189.16991	185.12362	188.05431	165.98495	181.16629	177.68258	173.01719	178.676	182.72555	186.92613	179.52495	194.65149	189.27617	181.78303	168.05547	177.82102	160.93074	149.26225	163.76569
alpha_rarefaction_11857_9.txt	11857	9	179.68598	187.19317	177.95835	177.21856	176.83349	185.69436	174.78034	183.22336	192.44944	182.97741	186.16372	169.07345	178.3012	177.42826	172.45635	174.23106	182.33589	180.3787	179.24785	191.47418	189.54387	183.00267	169.62173	177.34014	158.35713	149.54552	163.91464
alpha_rarefaction_15806_0.txt	15806	0	193.88801	205.93744	199.66306	197.56051	197.772	206.20371	192.81086	200.63548	204.30094	205.12873	201.68977	189.4148	198.07436	197.73538	190.14578	197.23943	202.73084	196.20198	190.86295	212.98555	211.5106	202.69549	183.48024	191.29623	174.62192	164.08261	178.92499
alpha_rarefaction_15806_1.txt	15806	1	195.93632	210.31431	192.28252	194.8983	196.22591	202.10121	189.61195	198.83924	203.47908	200.48227	205.75472	186.32925	197.03108	193.17072	195.08619	192.57943	200.51302	202.43422	195.9867	209.89228	208.54764	198.34626	185.47751	193.45784	178.25901	166.72316	181.17251
alpha_rarefaction_15806_2.txt	15806	2	190.04051	209.87651	195.63612	198.22138	192.27417	204.58604	194.08056	200.3082	204.76443	204.61609	206.74735	182.90719	200.9237	194.45461	193.45956	197.51064	201.84812	199.72254	191.53233	214.61656	204.28849	197.4196	185.70822	194.18089	177.68958	164.75838	178.22013
alpha_rarefaction_15806_3.txt	15806	3	193.61048	204.11265	194.78038	196.79911	192.48753	206.82833	194.55104	195.24027	205.05883	203.66211	201.58143	183.33471	194.57257	195.28911	193.0658	191.93041	200.39545	198.89986	199.9036	215.25231	209.73664	200.66763	180.28387	193.16867	175.95482	167.5499	173.58889
alpha_rarefaction_15806_4.txt	15806	4	195.13728	207.07115	199.46266	198.94753	193.63332	204.10088	190.13795	201.62567	210.30014	203.03021	200.03211	186.81526	195.01873	195.86546	189.16597	193.31085	200.86483	196.10652	195.94318	208.80618	210.45535	198.10645	185.56249	191.74242	175.9544	168.27323	178.53733
alpha_rarefaction_15806_5.txt	15806	5	193.05275	208.86224	188.72882	194.34253	188.59277	208.29828	193.49516	205.60724	202.60768	203.41128	203.08269	183.13318	196.19824	196.18905	193.90266	193.95507	197.80148	196.32305	193.05314	209.30071	207.85	201.08143	182.32926	190.28286	178.2044	166.33678	178.07608
alpha_rarefaction_15806_6.txt	15806	6	194.85297	208.36988	196.25454	200.14229	187.6498	199.86408	193.68663	199.8553	202.85452	201.68871	204.51733	186.37603	196.71539	195.52159	189.59008	194.71043	201.68536	200.27212	190.76269	217.13306	213.34653	199.42967	184.09291	190.39582	179.10787	161.82502	179.39006
alpha_rarefaction_15806_7.txt	15806	7	196.88513	207.67165	195.37142	195.3749	193.97144	203.2949	188.28354	198.40489	206.5755	198.80528	204.5632	187.16682	197.13566	196.3816	191.31989	195.3321	200.9254	199.57742	193.3004	209.34192	207.37516	196.3763	188.15509	190.54452	179.11412	163.65322	179.51836
alpha_rarefaction_15806_8.txt	15806	8	195.71656	206.18132	193.93312	199.57402	195.73019	201.49327	194.31643	198.25617	204.08099	202.38675	201.54504	186.02809	197.99913	197.47844	190.78306	194.31444	201.64122	197.7684	195.9685	211.21664	205.36635	197.6929	180.76918	189.02634	176.90983	167.95808	179.34532
alpha_rarefaction_15806_9.txt	15806	9	195.66042	212.54836	198.82771	195.81211	194.05242	200.21101	192.09986	193.19111	206.42167	206.63297	202.48612	190.77669	194.57815	192.95967	191.75606	198.81253	202.55698	198.11005	194.17073	214.07271	207.9059	201.81488	181.59201	194.31123	174.58129	166.29239	176.30787
alpha_rarefaction_19755_0.txt	19755	0	211.48383	222.69983	213.33387	208.69605	205.13787	221.12395	211.66819	215.90457	220.39237	220.69528	218.43526	202.63532	212.19902	208.10066	201.85499	206.00405	212.91895	209.85616	208.07478	232.44107	229.00341	216.23897	197.97309	204.44289	187.92073	181.29948	192.39342
alpha_rarefaction_19755_1.txt	19755	1	207.99068	228.85166	213.32332	214.08813	209.17096	221.83673	205.68783	215.93876	223.91788	217.11705	215.55236	198.30047	208.043	207.41148	204.26839	204.58281	213.77999	214.12773	206.32393	230.07138	221.23254	215.59764	199.52184	206.51194	188.41623	180.88229	194.58818
alpha_rarefaction_19755_2.txt	19755	2	208.87313	229.52574	214.85676	210.43776	207.53026	218.99936	208.8966	212.89177	218.06872	216.35705	219.77854	200.8215	212.89019	207.99267	205.54057	209.14401	213.75656	215.0355	206.8405	231.13069	222.82704	215.98954	197.3673	204.96342	190.73876	179.05398	190.77601
alpha_rarefaction_19755_3.txt	19755	3	208.04916	226.38721	212.73297	212.67551	210.50552	222.48529	208.15166	213.90837	219.00832	216.26521	220.72988	201.20962	206.51937	206.16684	202.18508	207.17838	215.84449	213.6798	212.25365	231.46831	222.73057	214.34617	194.4148	206.14884	188.0886	177.35916	188.49945
alpha_rarefaction_19755_4.txt	19755	4	205.29323	227.25461	209.66178	210.03371	203.94731	223.12649	205.37038	216.64589	221.67208	217.22448	216.14213	200.60267	209.3189	206.93444	202.60353	206.47285	215.15195	212.08215	211.33198	224.99981	218.79735	211.7139	197.6907	204.47145	187.43575	178.39375	192.1537
alpha_rarefaction_19755_5.txt	19755	5	213.95793	225.12436	211.5562	211.27161	206.4968	218.0187	206.67361	219.885	223.57937	218.38273	220.87471	201.51672	211.73758	207.72695	204.23954	208.62335	214.14984	216.71183	207.83379	228.29759	226.26839	212.64846	200.26589	203.80883	190.91343	181.54368	189.42319
alpha_rarefaction_19755_6.txt	19755	6	207.73751	225.76388	211.50121	211.68916	204.64323	222.60722	208.89942	219.77049	222.10655	216.58214	218.57476	203.53916	212.44232	209.16428	202.60296	206.05576	213.86279	211.69445	206.61922	230.04151	222.08216	213.0083	201.92231	206.1071	185.20164	176.86484	191.64708
alpha_rarefaction_19755_7.txt	19755	7	209.78766	226.94363	208.67587	213.96885	208.2371	223.63429	205.96212	214.59461	221.53961	220.13282	217.40045	200.61041	213.7639	206.81074	203.79141	205.74543	212.01631	214.98123	207.49733	230.92972	227.11782	213.7599	195.91517	204.13476	188.63391	177.60499	193.64909
alpha_rarefaction_19755_8.txt	19755	8	206.26932	228.55162	207.93354	213.86346	205.8487	220.42283	210.66161	219.79264	220.19417	220.78889	219.82012	203.3144	210.93389	210.65236	202.70632	209.27025	212.32382	210.73168	209.29163	228.4525	226.36786	210.69804	196.44367	204.78451	190.84506	177.70875	190.64953
alpha_rarefaction_19755_9.txt	19755	9	210.45819	230.29308	210.22455	209.05644	205.26211	224.34125	208.12884	214.74138	224.169	214.42928	222.25509	202.20652	210.15695	209.94682	200.29977	207.78288	216.20412	210.61692	209.22363	227.80226	222.84582	214.67983	197.69838	205.19455	190.33049	174.97772	187.99594
alpha_rarefaction_23704_0.txt	23704	0	217.58079	242.26551	218.96049	221.91204	218.41439	230.87689	222.86773	232.71939	232.06735	232.24347	234.7304	217.66306	222.61107	219.76288	212.38054	218.77207	226.30418	228.54603	219.54356	240.69122	236.55662	224.37941	209.80715	216.61885	197.20983	187.57707	201.70118
alpha_rarefaction_23704_1.txt	23704	1	223.65615	241.91908	226.34144	224.10843	216.2089	237.59937	217.72038	230.65962	230.21123	231.27469	232.03466	211.58884	224.87615	221.98624	215.04221	220.78478	227.08329	222.828	222.82167	245.43446	237.89936	222.88691	206.55006	213.67597	198.45687	188.92029	199.10572
alpha_rarefaction_23704_2.txt	23704	2	221.8374	243.85342	223.00455	224.18798	218.22067	236.86109	222.06996	230.57915	229.35621	226.6724	232.20324	214.15103	223.12999	219.90038	214.88799	222.73299	224.83757	228.33124	222.09237	241.3935	237.39111	225.94418	204.48387	210.85588	197.38365	188.69212	198.37585
alpha_rarefaction_23704_3.txt	23704	3	218.0347	239.12475	223.37117	220.28013	223.60828	232.11296	223.56822	225.75829	233.04226	232.95499	229.20354	210.50472	221.45202	222.70321	216.61669	219.88287	225.23518	221.8917	219.33313	244.17226	241.84449	227.27428	212.19248	213.88866	200.76794	187.13028	201.52066
alpha_rarefaction_23704_4.txt	23704	4	222.85061	243.8097	220.55206	221.09066	218.06897	234.59948	220.80401	231.79061	230.47841	229.70518	228.42903	216.85652	221.3437	220.01499	215.72876	217.8504	225.83003	221.65717	218.95821	245.89808	241.28754	224.57273	209.92827	214.45107	201.1779	187.66338	202.19569
alpha_rarefaction_23704_5.txt	23704	5	216.80536	241.00398	225.28044	225.41219	217.43698	238.85208	223.33025	229.17074	226.69319	228.58912	233.23719	216.93535	224.08823	220.80795	212.53441	220.63823	228.00739	224.89098	222.03288	240.79497	240.78423	227.59329	207.95865	216.8413	196.15088	185.4231	197.7554
alpha_rarefaction_23704_6.txt	23704	6	216.81675	241.12476	223.68549	222.70237	219.72382	236.48021	219.50652	229.58049	228.3746	226.41821	235.11482	214.94365	220.78487	219.46274	218.5083	214.50494	225.28037	223.03327	216.55914	237.97727	237.98544	225.22363	209.44178	214.18836	199.28464	185.65282	198.46656
alpha_rarefaction_23704_7.txt	23704	7	221.81599	241.36076	221.10471	220.59916	220.98624	233.47791	219.14492	225.58422	235.52091	230.73404	232.62845	213.65078	220.93673	219.0537	212.41649	215.94706	224.21018	226.9177	218.83664	244.95557	237.42053	223.44347	208.52013	217.19551	198.00842	186.59844	204.84372
alpha_rarefaction_23704_8.txt	23704	8	223.90356	233.63075	222.80102	225.88414	220.71564	233.13332	221.12994	229.33884	233.74144	232.47179	230.33948	212.87181	222.64229	219.18714	213.30315	217.91979	227.45571	220.57336	217.19745	243.05588	239.11121	228.90139	212.15352	215.56064	196.7974	189.39064	200.64972
alpha_rarefaction_23704_9.txt	23704	9	219.75469	238.65759	221.94246	219.80229	221.1707	236.9619	220.14922	230.35072	233.88112	230.82326	228.41776	213.98645	220.33889	221.44179	216.60593	219.91392	226.87026	221.59586	216.97951	243.4485	243.09277	225.55315	212.56849	218.24711	198.54289	187.46747	199.94203
alpha_rarefaction_27653_0.txt	27653	0	231.15709	256.72817	234.24897	235.17462	229.94206	246.51464	233.34492	240.48023	242.8787	240.37125	247.76004	222.80738	235.29317	230.50097	225.52005	229.71412	236.84088	235.69905	231.02113	251.95551	249.64693	237.54784	213.71712	223.86733	208.27154	196.16936	208.24121
alpha_rarefaction_27653_1.txt	27653	1	228.78279	251.64137	234.63328	233.45369	227.28785	246.51615	230.13114	240.81836	243.91608	237.46793	247.30674	223.27667	231.7126	229.32689	226.19926	226.21922	239.51402	237.62745	233.4193	250.85785	251.88301	234.33629	219.44635	225.19944	210.42195	194.75027	210.70806
alpha_rarefaction_27653_2.txt	27653	2	231.71908	256.55598	233.08201	235.06522	231.43536	246.65765	235.24021	238.41734	243.23594	244.18745	243.07731	223.59645	233.43945	232.53936	221.77452	231.34776	234.41937	237.65269	231.70522	253.4907	250.75041	236.4939	217.00509	226.23013	206.76636	195.50494	209.11286
alpha_rarefaction_27653_3.txt	27653	3	231.25951	254.2751	230.85104	230.51325	229.84354	248.67875	233.05802	238.63477	242.84617	242.98523	240.67661	225.20424	232.37509	230.37117	221.99987	229.32231	234.49534	233.30317	227.91834	253.13774	249.11201	237.5757	218.94677	223.14316	212.24404	195.11994	210.77122
alpha_rarefaction_27653_4.txt	27653	4	231.79455	257.69238	236.0531	231.68755	229.46978	247.07044	232.24493	238.95026	240.21257	242.61877	240.67958	220.12992	233.74145	231.72317	226.09042	227.19459	235.39989	231.55188	233.51953	250.29264	252.86429	238.57553	216.58789	226.91401	209.43617	195.93997	207.61717
alpha_rarefaction_27653_5.txt	27653	5	233.42565	257.12201	232.4624	229.63293	230.2594	249.03598	230.25214	239.11139	241.04196	236.79704	243.38744	222.75866	229.72386	230.42568	220.566	228.42384	239.04641	232.30364	232.35384	256.01513	251.02993	237.47851	218.42168	226.15439	206.80143	197.0964	207.851
alpha_rarefaction_27653_6.txt	27653	6	233.05084	251.81172	235.74353	231.55468	230.69652	248.63068	230.21083	242.92517	241.6312	244.53034	245.79352	221.77755	234.51919	227.40675	226.13304	228.0962	241.38963	235.25698	229.24067	252.89107	250.63885	238.73477	213.12954	223.06848	208.2192	195.69207	208.77079
alpha_rarefaction_27653_7.txt	27653	7	234.74651	253.05249	234.06468	235.97811	227.52258	242.97459	229.35295	242.54924	238.57351	244.90698	242.34077	223.22759	236.54334	228.28229	220.67797	228.18914	242.87576	233.62912	228.7215	254.20885	251.40191	235.25674	219.61675	221.97095	205.15448	196.14481	208.38476
alpha_rarefaction_27653_8.txt	27653	8	227.6755	260.6398	235.09961	231.73481	234.65271	248.25471	232.78232	242.04281	241.28648	243.69206	243.86054	224.39733	232.43209	229.9777	226.73063	229.96935	238.41701	234.64261	229.53078	253.50637	250.80777	235.78597	215.99057	221.8373	208.26992	195.57181	210.59924
alpha_rarefaction_27653_9.txt	27653	9	230.01795	254.73559	234.97847	231.56033	232.45215	247.71516	233.08103	239.19711	244.42122	242.67148	242.00624	224.2291	233.68353	230.0141	222.96925	227.74448	238.82831	230.01799	235.77421	252.37534	253.02153	235.19865	215.73149	222.77158	204.70124	195.12818	213.96035
alpha_rarefaction_31602_0.txt	31602	0	241.352	266.38653	243.3654	242.71462	239.01864	257.44119	237.83336	251.75668	253.28467	252.4905	252.17962	234.34509	242.13827	242.50128	229.82583	235.40293	250.96934	238.02662	240.78347	264.52924	262.21344	242.06787	226.27286	232.42089	215.41593	202.49039	216.13876
alpha_rarefaction_31602_1.txt	31602	1	241.43167	270.13066	240.98155	244.21353	238.24576	257.21065	241.15686	245.38121	250.9565	256.05801	252.36224	235.78792	238.05336	242.15997	230.77827	235.91327	247.20379	244.27811	243.68475	264.13256	262.18005	242.64128	226.80633	230.22039	212.61676	202.40765	217.35591
alpha_rarefaction_31602_2.txt	31602	2	239.39125	266.26409	242.33137	248.2956	238.44444	259.50905	245.86615	248.40461	251.16181	252.75426	250.53418	234.91841	239.49812	239.77521	232.39423	239.38272	247.63457	241.2983	242.2935	264.84104	260.70113	246.45815	224.91598	229.5943	214.40447	202.14094	218.59118
alpha_rarefaction_31602_3.txt	31602	3	240.75535	268.0511	242.40737	241.05502	239.71948	259.21075	235.56099	253.04655	250.16517	248.56713	254.05301	228.32954	240.16174	237.89485	231.21334	236.9824	244.85473	245.72248	240.90101	259.11867	260.64146	242.28998	226.92832	233.27306	214.90893	203.16163	219.44037
alpha_rarefaction_31602_4.txt	31602	4	241.96946	269.24341	243.90063	242.79586	239.22266	259.3567	242.34249	248.69244	249.71776	250.05055	252.05416	232.68152	242.03085	240.48195	231.05228	239.0229	247.08528	244.4142	243.43751	263.27305	262.99879	240.06491	226.2065	230.2043	214.39111	203.51324	219.68397
alpha_rarefaction_31602_5.txt	31602	5	239.87391	267.17851	242.10435	244.98331	241.89757	255.58313	243.06175	250.77293	251.69659	256.26524	251.53095	231.48519	240.64816	238.85122	229.90905	238.00816	244.52344	241.47946	242.52051	260.14932	260.34726	240.74503	232.41099	230.57842	213.62627	203.43612	219.83345
alpha_rarefaction_31602_6.txt	31602	6	237.25592	269.81788	241.3777	245.73449	244.04109	256.13187	241.09869	247.67074	252.78631	253.57966	250.3102	232.00449	240.7439	240.63035	233.72531	236.83013	245.04111	245.44024	240.443	263.74963	261.61874	246.45454	226.94404	231.91004	216.28315	204.65324	217.26321
alpha_rarefaction_31602_7.txt	31602	7	242.40607	264.70278	241.4162	246.09874	241.71215	257.31856	240.44162	255.34271	253.84125	256.87805	254.3139	238.07941	243.03327	236.91027	232.11772	238.6942	249.02355	243.75328	240.91784	260.56023	259.81265	242.60735	227.62902	231.73093	218.76998	203.94417	217.01182
alpha_rarefaction_31602_8.txt	31602	8	238.45229	266.80194	242.18462	246.73199	242.10143	259.92728	242.16393	250.94984	250.2086	251.88878	250.74437	232.34144	242.11396	244.16226	228.72726	234.4027	247.94942	243.45355	241.99084	263.32815	261.04135	243.18671	229.8136	230.43642	214.57453	201.7246	219.27499
alpha_rarefaction_31602_9.txt	31602	9	242.1171	264.215	240.84855	243.61061	245.00879	257.14938	240.81407	253.59841	249.00187	252.00923	250.94987	238.69472	241.26395	236.63373	230.17445	236.81729	246.80045	241.93339	240.02586	265.27408	264.84292	242.30763	227.17857	232.14024	213.415	203.61495	221.11186
alpha_rarefaction_35551_0.txt	35551	0	244.01596	275.1528	249.65154	251.29109	250.50702	266.24901	249.24527	261.73153	262.21809	259.51768	256.6089	242.55471	249.73231	245.04422	237.4398	243.11781	256.65813	253.5182	247.62481	272.08947	270.88434	251.80788	230.51827	239.21551	221.99402	209.7037	221.83966
alpha_rarefaction_35551_1.txt	35551	1	248.39743	283.86508	254.0871	252.84692	252.1803	267.74529	253.02653	257.25294	260.41406	260.59527	259.61166	241.83264	247.03499	246.86505	240.84085	244.62932	253.08864	251.54361	250.89045	275.81268	275.28757	252.42373	234.86108	236.20155	223.08165	209.80036	225.42826
alpha_rarefaction_35551_2.txt	35551	2	248.40814	277.33113	248.56617	251.75662	253.09289	275.19984	251.46305	260.57412	258.33414	262.80488	263.50503	241.0888	251.9856	248.5736	237.07025	243.68368	256.585	251.40016	250.0838	275.71917	274.9538	252.19556	236.55278	237.1545	221.55239	209.17823	222.93396
alpha_rarefaction_35551_3.txt	35551	3	251.25875	276.65902	250.98538	252.37887	250.4248	267.87018	250.9562	254.06132	258.5364	261.61005	258.16498	241.72581	251.09961	245.76243	239.30811	245.43861	251.30263	250.11605	249.31209	270.5645	271.07067	248.19868	237.32029	240.06826	218.39965	209.07508	226.97383
alpha_rarefaction_35551_4.txt	35551	4	248.1308	279.246	248.46055	253.26461	254.46457	270.50248	251.48566	257.39947	257.46968	261.97435	260.95812	244.39986	249.52731	248.20065	239.86129	245.97857	255.61723	249.94242	248.07012	273.94033	269.24431	253.44707	237.26263	237.6561	218.92321	209.62151	223.73482
alpha_rarefaction_35551_5.txt	35551	5	246.79453	280.3659	253.56118	251.04024	250.34383	272.22407	248.16175	265.19881	261.9635	260.17409	257.92486	241.10887	249.28411	244.21703	238.19766	241.57612	251.56672	250.63432	252.23361	274.25076	270.83094	255.83296	231.10064	239.98697	221.96156	209.9169	225.10445
alpha_rarefaction_35551_6.txt	35551	6	251.1834	276.56272	254.02228	253.81925	250.72622	267.21281	249.17011	261.13679	258.74158	261.35745	260.16287	239.91885	251.75573	247.78508	235.98064	245.54877	254.4704	248.48678	250.25	274.32879	272.64408	251.24201	237.26703	236.47682	218.26596	209.29407	223.36468
alpha_rarefaction_35551_7.txt	35551	7	248.50099	273.63704	250.70286	250.82892	250.80322	270.88601	251.1194	259.43081	257.692	256.41649	264.27343	239.76235	247.50276	245.40064	237.40073	248.41253	254.06567	251.16127	249.18825	272.83821	270.93128	251.84337	233.81933	237.61494	223.4736	209.5123	226.01401
alpha_rarefaction_35551_8.txt	35551	8	246.24207	278.29879	249.75067	249.54336	250.29191	276.12125	247.59478	264.27859	259.0496	259.72895	259.64368	242.07642	249.34375	245.66056	239.40216	241.95969	258.58208	250.04929	250.49958	272.75152	276.22523	250.98767	236.49676	236.93453	222.68783	208.96578	226.22762
alpha_rarefaction_35551_9.txt	35551	9	248.00254	277.7018	255.0035	254.03004	253.59648	269.02314	247.65161	257.54204	259.99562	261.59064	264.79755	242.89626	248.63741	246.7236	235.94562	242.23238	259.8784	250.23464	253.70953	275.76666	272.79087	252.47856	233.68473	237.35249	224.46473	207.51726	224.33759
alpha_rarefaction_39500_0.txt	39500	0	258.41564	286.54246	259.65458	255.80544	257.38258	281.86911	256.2169	266.54151	268.99738	273.31329	266.65136	249.07845	258.03958	251.65731	245.60091	248.85026	260.08037	259.25334	255.20418	279.64315	282.09061	259.18164	240.29571	245.18168	226.43418	214.2805	230.93652
alpha_rarefaction_39500_1.txt	39500	1	254.44451	290.1567	257.85647	259.4696	256.70976	278.56164	257.82251	264.84362	264.87138	270.27789	265.41268	248.4633	257.41397	252.84199	241.39172	250.66655	260.48672	259.78849	262.72089	280.71559	282.7846	255.27738	241.38646	244.89255	227.84235	214.2805	231.65194
alpha_rarefaction_39500_2.txt	39500	2	255.25224	284.34043	259.94873	261.66711	259.36466	281.19835	259.59788	268.79533	265.72131	265.06644	271.56922	248.52515	255.0957	253.80806	242.78927	251.57997	263.108	261.26525	257.17597	278.2487	284.04723	257.5171	242.84579	243.4524	226.98672	214.2805	232.71256
alpha_rarefaction_39500_3.txt	39500	3	257.80565	282.82468	260.48568	261.31176	259.48889	279.55462	256.7055	264.76217	265.15382	268.82614	273.30278	249.32596	258.79821	251.67145	246.39885	252.0716	259.05625	257.04717	257.30354	282.56969	280.18135	262.25701	241.50176	241.73768	229.47363	214.2805	232.84718
alpha_rarefaction_39500_4.txt	39500	4	257.7532	290.43687	255.15729	257.28013	254.25214	283.13285	256.34033	263.3208	263.98882	268.52799	271.94959	250.1029	256.93968	251.33944	244.12995	251.94289	261.97714	258.4786	257.05818	281.31183	279.51504	260.95224	237.89381	242.57324	229.24796	214.2805	232.09665
alpha_rarefaction_39500_5.txt	39500	5	254.83522	286.75126	255.5032	261.86369	261.69544	277.25018	257.24202	266.64263	265.95591	267.5984	264.71017	249.31403	255.59371	253.38088	244.16678	253.60042	261.76009	256.94385	257.1358	284.28699	278.20218	258.82419	239.84468	244.03513	223.8284	214.2805	231.74546
alpha_rarefaction_39500_6.txt	39500	6	255.79209	284.98988	261.22335	258.52035	257.83173	281.25763	253.28506	269.99316	265.15314	270.76453	266.92223	249.30399	256.86112	253.06956	243.39858	252.9963	262.77566	260.47882	257.46064	281.1468	278.14929	264.27057	244.36177	241.71082	230.0263	214.2805	231.91964
alpha_rarefaction_39500_7.txt	39500	7	257.58807	284.65848	258.83751	258.68637	254.88264	284.24571	258.08459	269.30813	268.89728	269.33175	270.50056	246.77775	261.00109	253.59919	244.7239	254.74163	263.78426	256.23729	257.37385	282.09743	278.6204	261.26113	238.92937	245.2337	226.43714	214.2805	231.81079
alpha_rarefaction_39500_8.txt	39500	8	257.26433	285.68493	260.81787	255.90046	256.76999	279.11646	256.72633	268.40465	266.94405	268.38467	266.64325	249.04792	258.93715	253.54372	245.3903	252.63734	262.50936	253.89673	255.18656	282.59892	278.5559	260.09579	241.55286	242.50065	226.3412	214.2805	231.37235
alpha_rarefaction_39500_9.txt	39500	9	254.13774	283.93182	257.79888	261.83732	258.5643	274.07341	257.83527	262.13503	264.93887	270.75464	269.20466	248.47269	255.93664	255.15289	243.3319	251.07633	261.8817	260.90252	257.76389	285.91135	286.40211	258.44538	240.12116	242.91851	226.55533	214.2805	231.68168